3.123893169686198235e-03
4.828493595123291016e-01
-3.045536112040281296e-03
-3.033646615222096443e-03
3.093268256634473801e-03
3.178123151883482933e-03
-3.695721272379159927e-03
-1.334299743175506592e-01
4.636011123657226562e-01
9.508902430534362793e-01
-9.126333519816398621e-03
-2.046594209969043732e-02
-3.826131345704197884e-03
-3.236328251659870148e-03
-3.818501830101013184e-01
-3.123964415863156319e-03
-6.213083863258361816e-01
-3.106050891801714897e-03
1.838134527206420898e+00
-6.618189811706542969e-02
-3.392161801457405090e-02
4.309790208935737610e-03
8.649064898490905762e-01
3.018780145794153214e-03
-3.011833410710096359e-03
-3.540984988212585449e-01
3.095923690125346184e-03
-3.211525501683354378e-03
-3.144129738211631775e-02
2.223354727029800415e-01
-3.058421425521373749e-03
3.041097428649663925e-03
1.221432209014892578e+00
-1.763387620449066162e-01
3.485311986878514290e-03
-2.971899211406707764e-01
-5.795069336891174316e-01
-3.587228357791900635e-01
-9.672261476516723633e-01
-3.035844303667545319e-03
-3.160786814987659454e-03
3.087023738771677017e-03
-3.931910991668701172e-01
-3.613342046737670898e-01
-1.097174048423767090e+00
-3.214828902855515480e-03
3.528678119182586670e-01
-3.168833907693624496e-03
-3.126778639853000641e-03
3.726220689713954926e-03
-3.143199980258941650e-01
3.120489651337265968e-03
3.056399291381239891e-03
3.339104652404785156e-01
-4.594829864799976349e-03
3.038092982023954391e-03
3.060573013499379158e-03
-5.222139414399862289e-03
-2.552154660224914551e-01
3.076281864196062088e-03
-3.041844582185149193e-03
2.390585988759994507e-01
3.019474912434816360e-03
2.734862565994262695e-01
3.085166914388537407e-03
2.103698015213012695e+00
-3.051766660064458847e-03
-3.077807137742638588e-03
-3.017370123416185379e-03
-2.199209779500961304e-01
-4.635423719882965088e-01
-3.234809031710028648e-03
3.053726628422737122e-03
5.034362077713012695e-01
-3.348437836393713951e-03
-8.548986315727233887e-01
-4.767828062176704407e-02
-1.312170550227165222e-02
6.131893023848533630e-03
-6.583999395370483398e-01
3.154898993670940399e-03
-3.053205553442239761e-03
8.988250046968460083e-02
-2.995642367750406265e-03
4.186017811298370361e-01
3.164678579196333885e-03
-3.046369645744562149e-03
-6.500086784362792969e-01
4.038409329950809479e-03
-1.456727981567382812e-01
-3.068070393055677414e-03
-3.238862380385398865e-03
-3.071635728701949120e-03
-7.356482148170471191e-01
-3.131179604679346085e-03
-9.142167121171951294e-02
4.618144035339355469e-01
-1.228317990899085999e-02
-2.125086486339569092e-01
-2.999327611178159714e-03
-2.668358683586120605e-01
-7.935279011726379395e-01
-1.858362197875976562e+00
1.763437539339065552e-01
3.144125919789075851e-03
3.014244604855775833e-03
5.057433154433965683e-03
-3.079323330894112587e-03
-4.912826716899871826e-01
-1.510334461927413940e-01
-4.159122109413146973e-01
-3.012961708009243011e-03
4.924641456454992294e-03
2.203243672847747803e-01
-3.064895747229456902e-03
3.780847191810607910e-01
-3.042809199541807175e-03
-1.928350627422332764e-01
8.654933571815490723e-01
-3.146281465888023376e-03
-2.734881639480590820e-01
3.158631036058068275e-03
3.198007587343454361e-03
-3.392161801457405090e-02
-3.068674122914671898e-03
2.841686308383941650e-01
2.431736141443252563e-01
3.210414433851838112e-03
-1.266367584466934204e-01
5.094342231750488281e-01
3.129904391244053841e-03
-1.230807900428771973e+00
1.315704137086868286e-01
-5.787857342511415482e-03
-3.168693045154213905e-03
-3.031482687219977379e-03
3.150177421048283577e-03
3.472186923027038574e-01
-4.303066432476043701e-01
-3.051188308745622635e-03
-4.499432742595672607e-01
-3.069576574489474297e-03
-1.088202953338623047e+00
4.774276614189147949e-01
-3.013542387634515762e-03
1.095447391271591187e-01
-3.874051272869110107e-01
-3.060980467125773430e-03
-6.042614579200744629e-01
4.642362594604492188e-01
-3.138360381126403809e-01
-1.604428589344024658e-01
-3.016657195985317230e-03
6.417145729064941406e-01
4.508619382977485657e-02
4.384451210498809814e-01
-3.013369161635637283e-03
3.008094616234302521e-03
-2.018692046403884888e-01
3.150943201035261154e-03
3.110325196757912636e-03
1.320533640682697296e-02
3.060460556298494339e-03
-3.052445594221353531e-03
1.800894588232040405e-01
1.268371701240539551e+00
6.582775712013244629e-01
-3.343017771840095520e-03
1.855969429016113281e+00
-1.413956284523010254e+00
3.466053605079650879e-01
-8.681445121765136719e-01
-3.109067911282181740e-03
3.179728984832763672e-03
-2.487045228481292725e-01
3.150430973619222641e-03
-1.032416746020317078e-01
-1.076114892959594727e+00
2.857772633433341980e-02
-7.178586125373840332e-01
3.159741405397653580e-03
-3.231613198295235634e-03
6.672750413417816162e-02
-3.189751179888844490e-03
-3.212845185771584511e-03
5.543460324406623840e-02
-1.097992062568664551e-01
-3.260324476286768913e-03
3.250049427151679993e-03
2.807806013152003288e-03
-3.138945903629064560e-03
8.980064094066619873e-02
3.095318330451846123e-03
3.026388818398118019e-03
-3.197462065145373344e-03
-3.185550682246685028e-03
3.051958978176116943e-03
-5.642573833465576172e-01
3.014514688402414322e-03
-3.174348035827279091e-03
-1.161208152770996094e+00
3.064725315198302269e-03
-3.064693417400121689e-03
-3.056494286283850670e-03
-3.102467162534594536e-03
3.227670490741729736e-01
2.431940883398056030e-01
-3.085721516981720924e-03
3.130089724436402321e-03
-3.154089301824569702e-02
2.306355163455009460e-02
-3.362647593021392822e-01
3.088124794885516167e-03
-2.881380617618560791e-01
1.231367811560630798e-01
3.182508284226059914e-03
3.600819269195199013e-03
3.084640484303236008e-03
5.001829564571380615e-02
2.379252165555953979e-01
3.081222064793109894e-03
4.986866414546966553e-01
-5.246655270457267761e-02
-3.106868360191583633e-03
-6.476866602897644043e-01
-2.998123643919825554e-03
5.258004665374755859e-01
3.135178005322813988e-03
-4.066746309399604797e-02
5.043560862541198730e-01
1.114300608634948730e+00
-6.618344038724899292e-02
-3.264757692813873291e-01
-4.392651319503784180e-01
-2.575529813766479492e-01
-3.169344039633870125e-03
-1.520516157150268555e+00
3.619173541665077209e-02
-5.308142900466918945e-01
-1.194947063922882080e-01
3.138344269245862961e-03
3.106575310230255127e-01
-1.997203826904296875e-01
-3.050946863368153572e-03
9.873678088188171387e-01
-8.365114331245422363e-01
-5.661951303482055664e-01
-9.903718233108520508e-01
3.068061545491218567e-03
8.563519716262817383e-01
-1.412972956895828247e-01
3.726046085357666016e-01
-3.090486526489257812e-01
3.421121276915073395e-03
-9.477425217628479004e-01
3.213659394532442093e-03
3.121595596894621849e-03
7.194283418357372284e-03
-1.320548821240663528e-02
3.031908534467220306e-03
-3.092688508331775665e-03
3.106232034042477608e-03
3.047127742320299149e-03
-3.073741914704442024e-03
3.016456263139843941e-03
-3.376466035842895508e-02
3.047356847673654556e-03
5.791113376617431641e-01
-2.998546659946441650e-01
2.053659856319427490e-01
3.420522203668951988e-03
2.253094762563705444e-01
7.358037829399108887e-01
-3.299855291843414307e-01
3.077089088037610054e-03
-4.196642637252807617e-01
3.143239915370941162e-01
3.085732460021972656e-03
4.259109497070312500e-01
-3.147520357742905617e-03
3.594849705696105957e-01
-5.682803392410278320e-01
4.656582139432430267e-03
3.142748493701219559e-03
-3.133153775706887245e-03
-3.045125398784875870e-03
8.879645466804504395e-01
-1.105377450585365295e-02
5.586462467908859253e-02
-2.502803206443786621e-01
-3.175556659698486328e-03
-3.126811934635043144e-03
5.502650048583745956e-03
-3.084258874878287315e-03
-3.112275851890444756e-03
1.266368627548217773e-01
5.544178485870361328e-01
7.721374630928039551e-01
-3.552149515599012375e-03
5.644275546073913574e-01
1.302518993616104126e-01
3.090508747845888138e-03
-3.587258458137512207e-01
5.461173653602600098e-01
-1.456772983074188232e-01
-3.357454435899853706e-03
4.801492393016815186e-01
3.602814162150025368e-03
2.801339030265808105e-01
1.334299743175506592e-01
3.008516971021890640e-03
-3.143243724480271339e-03
3.113451413810253143e-03
-4.819300174713134766e-01
-2.840442657470703125e-01
2.465582937002182007e-01
-4.401087760925292969e-01
-3.174366895109415054e-03
-3.120873356238007545e-03
4.394955933094024658e-01
-5.573962628841400146e-02
3.090486163273453712e-03
-3.680381923913955688e-03
-3.106222720816731453e-03
-2.455389797687530518e-01
3.059170441702008247e-03
3.116402775049209595e-03
2.780500054359436035e-02
3.057098248973488808e-03
3.179409308359026909e-03
-3.095510881394147873e-03
3.285956382751464844e-01
3.239541547372937202e-03
1.693052612245082855e-02
-3.012141445651650429e-03
-3.158045234158635139e-03
3.180537605658173561e-03
3.551064059138298035e-03
3.302195807918906212e-03
-2.842374844476580620e-03
6.621329113841056824e-03
7.344179600477218628e-02
-7.256285101175308228e-02
-3.106410615146160126e-03
1.642387360334396362e-02
3.297267714515328407e-03
-1.992883980274200439e-01
3.037137212231755257e-03
-3.096218686550855637e-03
3.329413831233978271e-01
3.050115425139665604e-03
-4.656582139432430267e-03
1.767918616533279419e-01
2.791462838649749756e-01
-1.964785754680633545e-01
-3.192529547959566116e-03
3.124049631878733635e-03
3.149316646158695221e-03
3.149415599182248116e-03
-9.108062088489532471e-02
6.199336647987365723e-01
-3.850647509098052979e-01
-1.402751542627811432e-02
-3.040875773876905441e-03
2.991081913933157921e-03
6.694885343313217163e-02
2.344371825456619263e-01
-3.155159531161189079e-03
-3.149372991174459457e-03
3.939504623413085938e-01
3.127552103251218796e-03
-3.010070649906992912e-03
3.350577084347605705e-03
-3.642080351710319519e-03
-3.079489571973681450e-03
3.411443531513214111e-01
-1.216686703264713287e-02
-3.100409405305981636e-03
-4.804939627647399902e-01
-3.084547352045774460e-03
-7.063676118850708008e-01
4.807268828153610229e-02
-3.300875658169388771e-03
-4.594259858131408691e-01
1.957950145006179810e-01
3.028827486559748650e-03
7.986816167831420898e-01
-1.062601923942565918e+00
3.098878310993313789e-03
9.717158675193786621e-01
3.163686487823724747e-03
-3.074654610827565193e-03
2.931118244305253029e-03
3.938059806823730469e-01
6.040532141923904419e-03
3.011923516169190407e-03
6.539466381072998047e-01
3.533092141151428223e-02
-5.197455883026123047e-01
3.384314943104982376e-03
-2.312574386596679688e-01
2.999940812587738037e-01
-8.528797626495361328e-01
-6.056409478187561035e-01
3.076401771977543831e-03
-3.157836152240633965e-03
-3.144650952890515327e-03
-4.050590097904205322e-01
-3.091742517426609993e-03
2.441755682229995728e-02
-3.832939267158508301e-02
4.885096251964569092e-01
-3.934533894062042236e-01
-1.772174239158630371e-01
-1.394008100032806396e-01
-3.053922206163406372e-03
-3.007042687386274338e-03
-3.004870843142271042e-03
-1.491023421287536621e+00
-3.035068977624177933e-03
-6.003093719482421875e-01
-3.088113153353333473e-03
-2.082907035946846008e-02
3.205759683623909950e-03
5.008462667465209961e-01
2.074803560972213745e-01
-3.068301128223538399e-03
4.974516034126281738e-01
3.126393305137753487e-03
5.845138803124427795e-03
3.116117091849446297e-03
7.006582617759704590e-02
-3.231195509433746338e-01
1.030255794525146484e+00
-3.111017402261495590e-03
4.908166453242301941e-02
3.395130932331085205e-01
-3.067590994760394096e-03
3.121395828202366829e-03
4.032213687896728516e-01
6.612905263900756836e-01
-3.495404263958334923e-03
-8.980064094066619873e-02
1.773517206311225891e-02
3.103731898590922356e-03
3.376142820343375206e-03
3.124892013147473335e-03
3.116037696599960327e-03
4.068033304065465927e-03
-5.751241445541381836e-01
2.866426408290863037e-01
-3.131657605990767479e-03
5.633127689361572266e-02
-3.689090721309185028e-03
5.573962628841400146e-02
5.518289804458618164e-01
-3.824536800384521484e-01
-3.538717031478881836e-01
3.004743950441479683e-03
7.520267963409423828e-01
3.131165634840726852e-03
2.411758154630661011e-02
6.886321902275085449e-01
-3.067585639655590057e-03
-2.701593637466430664e-01
4.485091865062713623e-01
-3.852379322052001953e-01
3.025477053597569466e-03
-1.209376826882362366e-01
-3.059911541640758514e-03
3.098558187484741211e-01
-5.612031817436218262e-01
-5.841172933578491211e-01
3.156353486701846123e-03
-3.668162506073713303e-03
4.914834797382354736e-01
-3.065078519284725189e-03
3.126359777525067329e-03
-2.948454320430755615e-01
-5.839307904243469238e-01
-2.701562941074371338e-01
-1.088783238083124161e-02
1.800894737243652344e-01
2.823791280388832092e-02
-4.125774502754211426e-01
-2.756050527095794678e-01
-3.126604249700903893e-03
3.086536424234509468e-03
8.980064094066619873e-02
4.178094565868377686e-01
-5.586462467908859253e-02
-3.070845268666744232e-03
3.037217305973172188e-03
6.129979491233825684e-01
-2.192403376102447510e-02
3.059687092900276184e-03
3.071864135563373566e-03
-4.897014200687408447e-01
-3.118411405012011528e-03
-4.972515404224395752e-01
3.156944643706083298e-03
5.451127886772155762e-01
-4.715125560760498047e-01
-1.609382033348083496e-01
-3.097473178058862686e-03
8.342875838279724121e-01
3.005666136741638184e-01
-7.279582619667053223e-01
-8.740434795618057251e-02
-6.772424094378948212e-03
-1.194287776947021484e+00
-5.085301995277404785e-01
-3.043007571250200272e-03
2.123597636818885803e-02
1.586759090423583984e-02
2.402340024709701538e-01
-3.044728655368089676e-03
-3.377655521035194397e-03
-3.101528389379382133e-03
-7.174164652824401855e-01
1.067860722541809082e-01
-3.123153233900666237e-03
5.786210298538208008e-01
7.720908615738153458e-03
-3.266791580244898796e-03
5.035679340362548828e-01
3.288767635822296143e-01
-3.143246984109282494e-03
-3.692798316478729248e-01
-3.092665923759341240e-03
3.014710247516632080e-01
-3.132775891572237015e-03
-1.088389635086059570e+00
3.140732413157820702e-03
3.982384800910949707e-01
5.726784467697143555e-01
-3.053403925150632858e-03
5.820388793945312500e-01
8.046670258045196533e-02
-5.367826670408248901e-03
-1.608915068209171295e-02
-3.235088884830474854e-01
2.854823879897594452e-02
3.026580903679132462e-03
3.878455460071563721e-01
1.182237625122070312e+00
-4.615614116191864014e-01
3.154182108119130135e-03
-3.086168551817536354e-03
-4.105620384216308594e-01
3.308924138545989990e-01
6.318454146385192871e-01
-3.529049158096313477e-01
1.090321540832519531e+00
5.643487572669982910e-01
-5.269357562065124512e-01
3.141657682135701180e-03
3.105108393356204033e-03
3.125549759715795517e-03
5.291076302528381348e-01
3.306200727820396423e-03
-3.160172840580344200e-03
-3.094188636168837547e-03
-6.875391006469726562e-01
3.138656727969646454e-03
-1.059949994087219238e+00
-3.274556100368499756e-01
-1.246117725968360901e-01
-2.995274495333433151e-03
1.773517206311225891e-02
-4.237015247344970703e-01
3.012667875736951828e-03
3.092718310654163361e-03
-3.168771974742412567e-03
-3.716487903147935867e-03
-5.815411806106567383e-01
-3.094768850132822990e-03
-3.071929328143596649e-03
-4.168282262980937958e-03
8.557289242744445801e-01
-3.299162257462739944e-03
-3.077269997447729111e-03
8.555392026901245117e-01
3.951720297336578369e-01
-3.075228771194815636e-03
-3.092160914093255997e-03
3.096597502008080482e-03
3.120063804090023041e-03
1.801621634513139725e-03
3.536620140075683594e-01
3.088749479502439499e-03
6.551900506019592285e-01
2.520159184932708740e-01
-3.354502320289611816e-01
3.128460375592112541e-03
3.112709615379571915e-03
3.006470156833529472e-03
3.927459120750427246e-01
-2.680716216564178467e-01
3.128629643470048904e-03
-3.764351010322570801e-01
-1.316510200500488281e+00
-3.061761613935232162e-03
-1.674539744853973389e-01
-1.726214140653610229e-01
-2.650521397590637207e-01
-3.232886781916022301e-03
-2.626987099647521973e-01
-3.081062110140919685e-03
3.182586729526519775e-01
-2.764320075511932373e-01
3.050854429602622986e-03
3.050140570849180222e-03
1.616782844066619873e-01
-3.901629149913787842e-01
5.348398685455322266e-01
-3.116206033155322075e-03
3.010198008269071579e-03
6.807726621627807617e-02
-7.179207801818847656e-01
-6.135476231575012207e-01
-3.938698470592498779e-01
-3.128454321995377541e-03
-3.119649598374962807e-03
-3.141836496070027351e-03
7.576300948858261108e-02
-3.105204785242676735e-03
-3.117310116067528725e-03
-3.316280432045459747e-03
-6.875013709068298340e-01
-3.073867261409759521e-01
2.219711840152740479e-01
3.132494864985346794e-03
-3.102178918197751045e-03
3.223962849006056786e-03
-1.104239281266927719e-02
3.144143149256706238e-02
-1.147018551826477051e+00
-3.084724070504307747e-03
3.231901228427886963e-01
3.132008947432041168e-03
8.254258036613464355e-01
3.013398963958024979e-03
-3.863084614276885986e-01
-3.092364640906453133e-03
-3.974939286708831787e-01
-3.017220646142959595e-03
-8.181732892990112305e-02
-6.098342128098011017e-03
-3.019892144948244095e-03
-2.927446663379669189e-01
3.081048373132944107e-03
3.174451412633061409e-03
3.846705192700028419e-03
6.110759824514389038e-02
-3.023150609806180000e-03
3.378791501745581627e-03
1.575650721788406372e-01
-3.126490162685513496e-03
3.613527715206146240e-01
-8.539090305566787720e-02
-2.653254568576812744e-01
1.468744594603776932e-02
4.166778177022933960e-03
1.207694783806800842e-02
1.574014872312545776e-01
-3.349178703501820564e-03
3.089498030021786690e-03
3.122212830930948257e-03
-3.135660430416464806e-03
-3.094173502177000046e-03
3.143541980534791946e-03
-1.313642859458923340e-01
7.311159372329711914e-01
-3.121233079582452774e-03
-3.137642517685890198e-03
-3.695953870192170143e-03
3.167256480082869530e-03
5.259623378515243530e-02
2.875741124153137207e-01
-3.090637624263763428e-01
5.633127689361572266e-02
5.519482493400573730e-01
-4.260748624801635742e-03
3.309125900268554688e-01
-3.107428848743438721e-01
6.104107499122619629e-01
-3.028153674677014351e-03
3.116903826594352722e-03
-3.163804300129413605e-03
-3.020321018993854523e-03
1.362068802118301392e-01
3.036156063899397850e-03
-3.141709370538592339e-03
-4.222321808338165283e-01
-8.262722194194793701e-02
3.075500484555959702e-03
-3.007509047165513039e-03
3.373325802385807037e-03
5.745020508766174316e-01
-2.675776183605194092e-01
-5.446529984474182129e-01
3.024973906576633453e-03
3.941413164138793945e-01
-4.000943899154663086e-01
-3.118193475529551506e-03
3.077729837968945503e-03
3.221318358555436134e-03
1.051517501473426819e-01
-3.623309433460235596e-01
3.010353306308388710e-03
3.324059536680579185e-03
-4.012890160083770752e-03
1.023282110691070557e-02
-4.766885042190551758e-01
4.858794808387756348e-01
-3.023094264790415764e-03
3.057524096220731735e-03
1.750326007604598999e-01
2.944813072681427002e-01
-4.807268828153610229e-02
-1.883615553379058838e-01
-3.721628570929169655e-03
3.079586848616600037e-02
-3.190958406776189804e-03
4.217361509799957275e-01
3.189760725945234299e-03
-3.164947265759110451e-03
-3.153869649395346642e-03
-2.320865631103515625e+00
-3.000094788148999214e-03
-2.194448232650756836e+00
-3.086447948589920998e-03
-2.202753126621246338e-01
3.272814908996224403e-03
3.512669820338487625e-03
-3.081093309447169304e-03
-4.391190409660339355e-01
-5.206526517868041992e-01
-9.508564472198486328e-01
1.661805994808673859e-02
3.124086884781718254e-03
-3.773686885833740234e-01
-3.100568661466240883e-03
-7.192347049713134766e-01
1.144509389996528625e-01
1.740133576095104218e-02
6.606503576040267944e-02
1.378184258937835693e-01
-2.687488198280334473e-01
4.403884336352348328e-02
-2.341808937489986420e-02
-1.721093654632568359e+00
-1.659755222499370575e-02
1.763390302658081055e-01
-3.062713891267776489e-03
-3.144129738211631775e-02
1.365360319614410400e-01
3.001814940944314003e-03
-3.134016180410981178e-03
-3.074665088206529617e-03
1.497604101896286011e-01
-9.340655803680419922e-01
3.740342566743493080e-03
3.814819753170013428e-01
1.824941635131835938e-01
3.229792229831218719e-03
-3.130014054477214813e-03
-3.144129738211631775e-02
-3.183114109560847282e-03
-1.847067624330520630e-01
3.045289544388651848e-03
3.091195225715637207e-01
3.191020106896758080e-03
-3.537289798259735107e-01
-3.030604217201471329e-03
3.130379132926464081e-03
-1.142454296350479126e-01
3.144854446873068810e-03
6.515452861785888672e-01
3.082870971411466599e-03
3.137025516480207443e-03
-3.062298055738210678e-03
-3.144205315038561821e-03
-3.134166123345494270e-03
-3.191662020981311798e-03
-3.907507359981536865e-01
3.038882277905941010e-03
-3.114994848147034645e-03
-3.126607974991202354e-03
1.951333880424499512e-01
-7.006582617759704590e-02
3.131226869300007820e-03
-1.559339370578527451e-02
-3.108339151367545128e-03
3.055081237107515335e-03
3.142350120469927788e-03
5.640181303024291992e-01
-2.020960599184036255e-01
-1.540763583034276962e-02
3.025954589247703552e-03
-3.746394813060760498e-01
3.145958762615919113e-03
3.090482354164123535e-01
6.523288041353225708e-02
-1.472528576850891113e+00
-8.171672821044921875e-01
-1.560115963220596313e-01
1.573346138000488281e+00
4.863857477903366089e-02
-8.606441318988800049e-03
-3.695953171700239182e-03
-1.355940461158752441e+00
3.121491987258195877e-03
-2.458763420581817627e-01
3.142535453662276268e-03
1.123480439186096191e+00
-6.358712911605834961e-01
-1.147839188575744629e+00
-3.064687596634030342e-03
-3.171990625560283661e-03
-6.995381116867065430e-01
5.563020110130310059e-01
5.591539740562438965e-01
3.072315128520131111e-03
-3.568547666072845459e-01
-5.792880058288574219e-01
-3.609072864055633545e-01
4.558785557746887207e-01
3.299876451492309570e-01
3.083084244281053543e-03
5.529234409332275391e-01
-3.084114287048578262e-03
7.416212558746337891e-01
-3.117252374067902565e-03
1.527387499809265137e+00
-3.081956412643194199e-03
-3.061815630644559860e-03
3.908820450305938721e-01
3.150285221636295319e-03
3.397983908653259277e-01
-3.734473884105682373e-01
-2.850596094503998756e-03
3.741729557514190674e-01
5.043909549713134766e-01
3.164060786366462708e-02
3.827262222766876221e-01
3.084630006924271584e-03
-3.130062483251094818e-03
4.615031555294990540e-02
2.999549731612205505e-03
7.129354029893875122e-02
-4.759201407432556152e-01
3.623451590538024902e-01
6.480896472930908203e-01
-7.779840230941772461e-01
-3.357474692165851593e-03
2.410970330238342285e-01
-6.117075085639953613e-01
-7.437393665313720703e-01
6.874573230743408203e-02
5.154836922883987427e-03
2.116548866033554077e-01
6.971429102122783661e-03
3.092945087701082230e-03
1.458058595657348633e+00
-4.421855211257934570e-01
-3.808207213878631592e-01
3.177278907969594002e-03
4.188114404678344727e-01
-2.431731671094894409e-01
-1.227735504508018494e-01
3.065166762098670006e-03
5.241706967353820801e-01
-3.148606279864907265e-03
3.132995450869202614e-03
-5.134591460227966309e-01
3.146335249766707420e-03
-1.653595328330993652e+00
3.087962977588176727e-03
3.023453056812286377e-03
-6.902019381523132324e-01
3.106773598119616508e-03
4.894445836544036865e-02
3.101819893345236778e-03
3.008433151990175247e-03
-2.857772633433341980e-02
-2.569639869034290314e-02
3.059254726395010948e-03
2.435609400272369385e-01
3.028199309483170509e-03
-3.064174670726060867e-03
-3.050506580621004105e-03
-3.206427441909909248e-03
-3.077536355704069138e-03
-3.109307959675788879e-03
1.105377357453107834e-02
3.113297279924154282e-03
3.171875374391674995e-03
3.069514874368906021e-03
3.724993905052542686e-03
-4.918190240859985352e-01
2.917772233486175537e-01
-6.235874295234680176e-01
-1.458688676357269287e-01
3.068648045882582664e-03
-3.247930109500885010e-02
-2.650521099567413330e-01
-3.834382891654968262e-01
-3.059256123378872871e-03
3.875129818916320801e-01
-5.070401728153228760e-02
-2.408460900187492371e-02
3.326640129089355469e-01
1.912113726139068604e-01
3.147449344396591187e-03
-3.230701899155974388e-03
-4.390139877796173096e-01
7.797089405357837677e-03
-2.080684006214141846e-01
9.051659703254699707e-02
4.789941608905792236e-01
3.054060507565736771e-03
3.083101008087396622e-03
5.649679303169250488e-01
-3.131115110591053963e-03
-3.055348061025142670e-03
-3.264359664171934128e-03
3.349068760871887207e-01
4.316989332437515259e-03
2.631878256797790527e-01
3.874961137771606445e-01
3.046039957553148270e-03
-3.131783567368984222e-03
-3.095230553299188614e-03
3.155023558065295219e-03
2.997445762157440186e-01
3.076021326705813408e-03
-3.150887088850140572e-03
3.933321535587310791e-01
-3.074177308008074760e-03
-3.086500801146030426e-03
-3.017252543941140175e-03
-3.017168259248137474e-03
-6.319889426231384277e-01
-3.092637518420815468e-03
-5.866560619324445724e-03
-6.999908089637756348e-01
-2.603629827499389648e-01
-6.273965835571289062e-01
7.127245068550109863e-01
-9.292772971093654633e-03
3.023853059858083725e-03
-1.839320808649063110e-01
-3.077943343669176102e-03
-3.145297523587942123e-03
-3.190044546499848366e-03
-7.802183926105499268e-02
-3.147668438032269478e-03
3.921702802181243896e-01
3.149397205561399460e-03
-3.037391696125268936e-03
2.046594209969043732e-02
-3.120654961094260216e-03
6.646677851676940918e-01
-3.055094042792916298e-03
3.063947195187211037e-03
3.198064165189862251e-03
-3.207313129678368568e-03
-2.905532717704772949e-03
3.084390759468078613e-01
-3.147593699395656586e-03
3.067221958190202713e-03
-3.769953548908233643e-01
8.021407127380371094e-01
-7.464524507522583008e-01
6.393683701753616333e-02
-3.395098149776458740e-01
-1.731197685003280640e-01
3.108799457550048828e-03
3.094142070040106773e-03
-3.166117519140243530e-02
5.547312498092651367e-01
-3.086779732257127762e-03
5.634709000587463379e-01
3.064960474148392677e-03
1.195466294884681702e-01
-3.004238940775394440e-03
-3.090269397944211960e-03
1.477429922670125961e-02
-3.119794419035315514e-03
-6.055368185043334961e-01
-3.007780294865369797e-03
-3.186954883858561516e-03
-5.597575753927230835e-02
7.821689844131469727e-01
3.242675680667161942e-03
-3.035163972526788712e-03
4.017047882080078125e-01
-3.192538395524024963e-03
3.081091213971376419e-03
3.099966095760464668e-03
-5.715727806091308594e-03
3.076565451920032501e-03
3.062559058889746666e-03
-7.818990945816040039e-01
-3.185174195095896721e-03
-2.884149085730314255e-03
6.125687956809997559e-01
3.065753495320677757e-03
1.008867323398590088e-01
-1.268419265747070312e+00
-2.123597636818885803e-02
3.124814014881849289e-03
3.026280086487531662e-03
-4.142814874649047852e-01
3.085676115006208420e-03
3.184818029403686523e-01
-3.039837814867496490e-03
-3.229526570066809654e-03
-2.791464924812316895e-01
-3.103748895227909088e-03
-3.117507556453347206e-03
-3.112816018983721733e-03
-3.130092052742838860e-03
-3.072036895900964737e-03
-3.025659918785095215e-02
-1.976698935031890869e-01
3.720797002315521240e-01
-6.983857601881027222e-02
-9.092906117439270020e-02
1.845705509185791016e-01
3.076865337789058685e-03
3.144129738211631775e-02
-2.881405055522918701e-01
-3.078458830714225769e-03
8.460149168968200684e-03
-3.179609477519989014e-01
-5.815330743789672852e-01
3.142966190353035927e-03
-3.016407135874032974e-03
-4.576255083084106445e-01
3.009405918419361115e-03
5.107222869992256165e-02
-3.129329998046159744e-03
3.137175925076007843e-03
1.747030951082706451e-02
-8.565463870763778687e-02
9.636133313179016113e-01
1.606778204441070557e-01
2.650519311428070068e-01
-8.850987069308757782e-03
-3.241171594709157944e-03
-7.578316926956176758e-01
-9.149230718612670898e-01
5.315449833869934082e-01
3.100931877270340919e-03
5.938089918345212936e-03
3.124790033325552940e-03
5.178363919258117676e-01
4.649980664253234863e-01
3.111968049779534340e-03
2.996509196236729622e-03
3.009555395692586899e-03
5.127402544021606445e-01
3.186833579093217850e-03
5.980322360992431641e-01
3.076731692999601364e-03
-1.050009131431579590e+00
-3.010332351550459862e-03
7.407055236399173737e-03
3.196935402229428291e-03
3.047202248126268387e-03
1.031409502029418945e+00
3.086704527959227562e-03
2.569639869034290314e-02
5.940011143684387207e-01
-3.046405036002397537e-03
-3.124636365100741386e-03
7.051259279251098633e-01
-4.452441819012165070e-03
3.231077454984188080e-03
3.121415972709655762e-01
-5.707451105117797852e-01
3.101816633716225624e-03
-4.074539989233016968e-03
-3.122882219031453133e-03
-7.500426769256591797e-01
-3.027706407010555267e-03
-3.632810115814208984e-01
3.288432061672210693e-01
3.169429022818803787e-03
3.173845121636986732e-03
1.168422698974609375e+00
-3.107348922640085220e-03
-3.357472131028771400e-03
3.028747159987688065e-03
-4.304702579975128174e-02
1.912316530942916870e-01
-7.435208559036254883e-01
-2.382035553455352783e-01
4.819586873054504395e-01
-4.747866988182067871e-01
-4.848843514919281006e-01
-3.848580121994018555e-01
3.122270340099930763e-03
1.240273863077163696e-01
-6.381930112838745117e-01
-3.731000423431396484e-01
3.058992559090256691e-03
-3.015906084328889847e-03
-3.008903935551643372e-03
7.765334099531173706e-02
3.115663537755608559e-03
-3.032362321391701698e-03
-3.019765950739383698e-03
2.405393309891223907e-02
-3.049642778933048248e-03
4.594354033470153809e-01
-3.128204261884093285e-03
-2.529011070728302002e-01
3.075076965615153313e-03
-2.700743377208709717e-01
1.912113726139068604e-01
-3.144082846119999886e-03
3.144424175843596458e-03
4.483644962310791016e-01
3.170107724145054817e-03
3.092604922130703926e-03
3.078596899285912514e-03
3.260554978623986244e-03
-1.009909152984619141e+00
3.121056593954563141e-03
-3.296884596347808838e-01
-1.838986575603485107e-01
-3.114791121333837509e-03
-3.183640306815505028e-03
3.008698578923940659e-03
-1.884071342647075653e-02
3.404814749956130981e-02
-4.121187031269073486e-01
-4.074540920555591583e-03
1.189923733472824097e-01
3.816776275634765625e-01
9.092906117439270020e-02
3.126459894701838493e-03
-3.010459942743182182e-03
-3.044577315449714661e-03
-4.059023261070251465e-01
3.769774138927459717e-01
-8.403156399726867676e-01
-3.126458963379263878e-03
3.243547631427645683e-03
-5.051156040281057358e-03
1.356896460056304932e-01
-3.042662981897592545e-03
3.288995325565338135e-01
-6.391496062278747559e-01
-4.239891767501831055e-01
3.036820329725742340e-03
7.047184109687805176e-01
-3.157448023557662964e-03
-3.101871116086840630e-03
-5.668383836746215820e-01
-3.167144022881984711e-03
-3.074420616030693054e-03
-6.316759586334228516e-01
-3.146164119243621826e-03
-5.596886947751045227e-02
-3.054254688322544098e-03
-4.759800732135772705e-01
3.545472864061594009e-03
6.098343525081872940e-03
3.104734467342495918e-03
-2.014482915401458740e-01
-3.102396382018923759e-03
1.210575476288795471e-01
4.000600576400756836e-01
3.075260901823639870e-03
3.129489487037062645e-03
-3.721643704921007156e-03
-3.069329541176557541e-03
-2.014487236738204956e-01
-3.175196703523397446e-03
3.936529159545898438e-01
3.029772313311696053e-03
-2.088370472192764282e-01
1.718897968530654907e-01
-3.007167018949985504e-03
-3.064948366954922676e-03
3.006771905347704887e-03
-8.038957715034484863e-01
-8.176105022430419922e-01
-3.170802025124430656e-03
3.721616929396986961e-03
-3.791605820879340172e-03
3.096164669841527939e-03
3.689613938331604004e-02
2.978955162689089775e-03
-2.424400299787521362e-01
-3.228967776522040367e-03
3.022333607077598572e-03
3.053090069442987442e-03
-3.019128460437059402e-03
-3.729988122358918190e-03
-1.745696216821670532e-01
3.092814236879348755e-03
-3.041155869141221046e-03
6.208016276359558105e-01
1.560785323381423950e-01
9.632874727249145508e-01
3.074809210374951363e-03
-3.456324804574251175e-03
-7.513954043388366699e-01
-3.145244903862476349e-03
3.117570886388421059e-03
3.345168894156813622e-03
3.841510275378823280e-03
1.370569132268428802e-02
3.146845148876309395e-03
-5.461240187287330627e-03
-2.976802410557866096e-03
-2.236272692680358887e-01
-9.593152999877929688e-02
-1.868503689765930176e-01
1.501956880092620850e-01
-3.041947726160287857e-03
3.068852238357067108e-03
-1.740133576095104218e-02
-3.144129738211631775e-02
3.931826055049896240e-01
3.115119645372033119e-03
-3.060571616515517235e-03
-3.929008841514587402e-01
5.513108372688293457e-01
3.088065190240740776e-03
8.674887567758560181e-02
-1.477429922670125961e-02
-3.095044288784265518e-03
1.359776496887207031e+00
2.473491877317428589e-01
1.023282110691070557e-02
3.187973750755190849e-03
3.045734483748674393e-03
8.535392880439758301e-01
8.577381260693073273e-03
3.117548068985342979e-03
3.078873502090573311e-03
-3.093757200986146927e-03
-2.031392008066177368e-01
1.033653393387794495e-01
-8.304975628852844238e-01
1.418681442737579346e-02
3.100427566096186638e-03
-7.344179600477218628e-02
8.722417987883090973e-03
3.054934088140726089e-03
3.868059515953063965e-01
3.079902380704879761e-03
3.137628082185983658e-03
6.305202245712280273e-01
3.167043905705213547e-03
-8.913648128509521484e-01
-1.365360319614410400e-01
-6.537864357233047485e-02
-3.127163043245673180e-03
3.123150672763586044e-03
2.018646746873855591e-01
-3.395373225212097168e-01
-7.146556675434112549e-02
-1.442583650350570679e-01
-4.441364705562591553e-01
6.803895831108093262e-01
-3.143051406368613243e-03
-1.335163712501525879e+00
3.123322734609246254e-03
9.351077079772949219e-01
3.101418726146221161e-03
3.622437715530395508e-01
4.720076024532318115e-01
1.095447391271591187e-01
3.061684779822826385e-03
6.644518375396728516e-01
3.156903199851512909e-03
-3.030467079952359200e-03
-4.457276463508605957e-01
-1.279786080121994019e-01
6.345311403274536133e-01
3.077231813222169876e-03
3.318499773740768433e-03
9.471955299377441406e-01
-3.177658654749393463e-03
-6.111049652099609375e-02
3.138076281175017357e-03
2.236235514283180237e-02
3.067843383178114891e-03
3.033100627362728119e-03
-2.990536391735076904e-01
-5.572251677513122559e-01
3.061443334445357323e-03
-2.236235514283180237e-02
4.281329810619354248e-01
5.135059952735900879e-01
-9.137658029794692993e-02
-9.551842510700225830e-02
3.375265048816800117e-03
3.094611689448356628e-03
-5.982824563980102539e-01
1.778815388679504395e-01
1.676518283784389496e-02
-8.576156198978424072e-02
-3.131931880488991737e-03
-1.516606062650680542e-01
3.268241649493575096e-03
-5.013912320137023926e-01
4.766708910465240479e-01
-7.574259638786315918e-01
1.338249295949935913e-01
3.035171423107385635e-03
-1.604836881160736084e-01
6.769581437110900879e-01
-9.200537800788879395e-01
-2.734862565994262695e-01
3.093561390414834023e-03
8.104836940765380859e-01
1.265026032924652100e-01
3.622741252183914185e-02
3.017701208591461182e-03
-3.043747972697019577e-03
-3.943697512149810791e-01
3.126206109300255775e-03
-8.364532142877578735e-03
-3.095668507739901543e-03
-3.141617402434349060e-03
-3.093930780887603760e-01
-3.957484364509582520e-01
3.057967405766248703e-03
-3.140097483992576599e-03
-3.084623022004961967e-03
3.068427322432398796e-03
-3.071777988225221634e-03
3.019724506884813309e-03
-3.056964837014675140e-03
3.128466196358203888e-03
1.207695249468088150e-02
-3.288679718971252441e-01
3.837758302688598633e-01
-3.083375981077551842e-03
-3.288997709751129150e-01
-3.180415136739611626e-03
4.405608400702476501e-03
1.151850581169128418e+00
1.207694783806800842e-02
6.791881322860717773e-01
5.382881164550781250e-01
-3.014760091900825500e-03
3.172653960064053535e-03
9.322589635848999023e-02
-9.322588890790939331e-02
-2.172549441456794739e-02
-4.837204515933990479e-01
-2.781210839748382568e-01
-4.574305117130279541e-01
4.082391262054443359e-01
-1.125338301062583923e-01
-2.569639869034290314e-02
3.390384614467620850e-01
3.135111881420016289e-03
3.039908595383167267e-03
3.143836744129657745e-03
-3.091915044933557510e-03
4.908102378249168396e-02
-1.078391596674919128e-01
1.095447391271591187e-01
9.092906117439270020e-02
-3.130968427285552025e-03
-3.104788716882467270e-03
-3.056755755096673965e-03
6.834985613822937012e-01
1.461657285690307617e+00
-3.140963613986968994e-03
7.157084345817565918e-01
-1.325228810310363770e-02
1.768238991498947144e-01
3.072348423302173615e-03
3.630865812301635742e-01
5.227773189544677734e-01
-9.788937866687774658e-03
4.221915267407894135e-03
3.805107176303863525e-01
-6.603628396987915039e-01
-3.305217484012246132e-03
-3.012707922607660294e-03
-3.037552582100033760e-03
-1.203178707510232925e-02
5.871781110763549805e-01
-2.655131816864013672e-01
4.371754825115203857e-01
3.054129425436258316e-03
-3.026848193258047104e-03
-3.131720703095197678e-03
3.030184656381607056e-03
3.133306512609124184e-03
-4.415346980094909668e-01
-9.071120992302894592e-03
3.248875029385089874e-03
-3.166117519140243530e-02
3.297010362148284912e-01
-4.830099642276763916e-03
-3.971519470214843750e-01
2.849871814250946045e-01
-3.097195876762270927e-03
3.285978138446807861e-01
3.823196887969970703e-01
3.081802977249026299e-03
3.823156058788299561e-01
-6.278045773506164551e-01
1.307696569710969925e-02
3.018102142959833145e-03
4.952415078878402710e-02
2.187959700822830200e-01
3.055070992559194565e-03
3.347927704453468323e-02
4.251934289932250977e-01
3.471534000709652901e-03
-9.159902483224868774e-02
-3.264338243752717972e-03
3.555944887921214104e-03
3.072305815294384956e-03
-1.767738014459609985e-01
-3.089459380134940147e-03
-3.092631697654724121e-03
4.353743493556976318e-01
-3.013704204931855202e-03
3.243946703150868416e-03
-5.696000456809997559e-01
6.088915467262268066e-01
2.172275185585021973e-01
-3.866988420486450195e-01
-3.073545638471841812e-03
3.061858005821704865e-03
-5.829789638519287109e-01
3.205741522833704948e-03
-8.460149168968200684e-03
-1.976698935031890869e-01
6.229399442672729492e-01
-4.114831089973449707e-01
3.303795587271451950e-03
-2.427165359258651733e-01
5.579330027103424072e-03
-3.080728463828563690e-03
-4.326393008232116699e-01
-3.151962067931890488e-03
-1.856148391962051392e-01
3.072688588872551918e-03
-1.862921565771102905e-01
-3.054973203688859940e-03
1.099965162575244904e-02
1.023282110691070557e-02
-3.047568257898092270e-03
3.060573013499379158e-03
-3.344291122630238533e-03
7.255389355123043060e-03
3.580360710620880127e-01
4.253100752830505371e-01
-4.914426803588867188e-01
1.887215077877044678e-01
-3.060730872675776482e-03
-3.020945005118846893e-03
1.767853200435638428e-01
4.832040984183549881e-03
1.628088235855102539e+00
-3.230371512472629547e-03
-2.455391436815261841e-01
2.507885992527008057e-01
1.603023111820220947e-01
-6.779504474252462387e-03
-5.418174862861633301e-01
-3.011841559782624245e-03
-3.032440785318613052e-03
-3.126731840893626213e-03
-3.118816763162612915e-03
3.003991907462477684e-03
2.355800382792949677e-02
3.641379773616790771e-01
3.076749620959162712e-03
2.427172660827636719e-01
-9.176869392395019531e-01
3.551047146320343018e-01
5.270425081253051758e-01
-3.142662346363067627e-03
8.539090305566787720e-02
-7.941526770591735840e-01
-2.923503285273909569e-03
7.087443023920059204e-03
-3.190934658050537109e-03
-3.022151999175548553e-03
4.354622215032577515e-02
-3.120355540886521339e-03
-3.190397750586271286e-03
-1.930731385946273804e-01
3.037023823708295822e-03
3.031314816325902939e-03
-4.152362346649169922e-01
2.802146971225738525e-01
-3.146826056763529778e-03
-2.980129122734069824e-01
9.126333519816398621e-03
-3.397736847400665283e-01
-3.123170463368296623e-03
-3.042539115995168686e-03
-4.030413627624511719e-01
1.711835116147994995e-01
-9.322588890790939331e-02
9.322589635848999023e-02
6.971197724342346191e-01
-8.839896917343139648e-01
4.645946621894836426e-01
5.728272348642349243e-02
3.118087304756045341e-03
-4.269225001335144043e-01
-4.060498178005218506e-01
3.127692732959985733e-03
4.682892933487892151e-02
-6.442074775695800781e-01
-2.142899483442306519e-01
-3.206538967788219452e-03
-5.689863115549087524e-02
-3.139646491035819054e-03
3.697736561298370361e-01
-2.953271940350532532e-02
-3.321698680520057678e-02
-3.911804258823394775e-01
4.766367375850677490e-03
-4.832040984183549881e-03
7.381602525711059570e-01
-5.867239236831665039e-01
3.104165429249405861e-03
2.912865877151489258e-01
-3.044631332159042358e-03
-2.814744412899017334e-01
-1.575360536575317383e+00
6.894897818565368652e-01
3.151974175125360489e-03
-2.056891620159149170e-01
3.820047974586486816e-01
-6.051570773124694824e-01
-3.121037967503070831e-03
-2.987457904964685440e-03
3.115632571280002594e-03
-3.230501199141144753e-03
-9.092906117439270020e-02
4.656582139432430267e-03
-3.043193835765123367e-03
1.095447391271591187e-01
-1.002035379409790039e+00
-3.138158004730939865e-03
3.113072132691740990e-03
-3.010170767083764076e-03
1.711018532514572144e-01
-8.577381260693073273e-03
3.085837233811616898e-03
3.024250734597444534e-03
-3.366801189258694649e-03
2.504635751247406006e-01
2.509085536003112793e-01
-4.058071598410606384e-02
1.763437539339065552e-01
-8.577381260693073273e-03
5.263365507125854492e-01
-1.288634896278381348e+00
-5.334794521331787109e-01
-3.233370138332247734e-03
-3.163013607263565063e-03
1.360358297824859619e-02
1.750804856419563293e-02
6.098380777984857559e-03
-7.348814606666564941e-01
-2.313890159130096436e-01
-5.641537159681320190e-02
-2.098021656274795532e-01
-4.967513084411621094e-01
3.938129544258117676e-01
4.526472985744476318e-01
3.056843997910618782e-03
-3.002351522445678711e-01
-3.223514417186379433e-03
3.130263183265924454e-03
-6.484016180038452148e-01
5.816572904586791992e-01
3.015566617250442505e-03
-3.896597623825073242e-01
-2.920017112046480179e-03
-3.030849155038595200e-03
1.740133576095104218e-02
4.715491533279418945e-01
-3.051544073969125748e-03
-5.590112209320068359e-01
-3.556931763887405396e-02
3.778658807277679443e-01
-3.036345355212688446e-03
3.153733443468809128e-03
2.252923548221588135e-01
-3.368428908288478851e-03
-1.883628591895103455e-02
-1.183964125812053680e-02
1.556055396795272827e-01
3.786864131689071655e-02
-4.807268828153610229e-02
9.210275486111640930e-03
-2.206038385629653931e-01
-1.486179351806640625e+00
-3.083247924223542213e-03
-1.439476251602172852e+00
-5.203747190535068512e-03
1.574014574289321899e-01
1.252701040357351303e-02
-7.239959202706813812e-03
1.693228363990783691e+00
-7.126191854476928711e-01
-1.487820982933044434e+00
-3.182203043252229691e-03
3.052731044590473175e-03
-1.107995510101318359e+00
5.593090057373046875e-01
-7.660906910896301270e-01
3.111362224444746971e-03
-8.920662403106689453e-01
4.926880002021789551e-01
6.251837611198425293e-01
-8.595881052315235138e-03
-3.065812867134809494e-03
3.097830340266227722e-03
-3.174493787810206413e-03
7.050627470016479492e-01
-4.291905760765075684e-01
-1.157648086547851562e+00
-3.146084258332848549e-03
9.115199744701385498e-02
3.013097913935780525e-03
3.015975002199411392e-03
-4.275578558444976807e-01
-3.024644451215863228e-03
-3.114269580692052841e-03
-3.033755812793970108e-03
-3.988159000873565674e-01
-3.503280458971858025e-03
3.147651441395282745e-03
4.249553382396697998e-01
1.233687996864318848e-01
3.058231668546795845e-03
1.240273863077163696e-01
-2.150134891271591187e-01
-9.928275644779205322e-02
-3.046255558729171753e-03
3.189240582287311554e-03
-1.718890070915222168e-01
-4.830099642276763916e-03
5.961071848869323730e-01
4.115527868270874023e-01
3.151820274069905281e-03
-1.099212318658828735e-01
8.995369076728820801e-01
3.420941298827528954e-03
-1.172831878066062927e-01
3.773675560951232910e-01
-3.225270891562104225e-03
3.791139125823974609e-01
3.000276861712336540e-03
6.274307370185852051e-01
-3.710885718464851379e-02
-3.070381004363298416e-03
3.106610383838415146e-03
3.121222853660583496e-01
3.166117519140243530e-02
-2.983354264870285988e-03
3.105489304289221764e-03
1.274821162223815918e-01
-7.479529362171888351e-03
3.391364216804504395e-02
-3.118225606158375740e-03
3.924379050731658936e-01
-1.548249870538711548e-01
3.117328276857733727e-03
3.810350000858306885e-01
-1.368054300546646118e-01
-3.083970630541443825e-03
4.750367105007171631e-01
4.035767614841461182e-01
-1.313229650259017944e-01
4.071919247508049011e-03
-3.017857205122709274e-03
3.158796112984418869e-03
-1.996555738151073456e-02
-3.886904120445251465e-01
3.020155709236860275e-03
3.141491208225488663e-03
-3.072240855544805527e-03
3.033975604921579361e-03
-6.149264574050903320e-01
3.142744069918990135e-03
-7.765334099531173706e-02
-5.933124944567680359e-02
-7.748159021139144897e-02
2.973408903926610947e-03
-3.035234520211815834e-03
-7.737197913229465485e-03
-3.104896051809191704e-03
-4.790122807025909424e-01
2.825787961483001709e-01
-3.097880864515900612e-03
2.431733757257461548e-01
3.078743349760770798e-03
3.170090029016137123e-03
1.659220829606056213e-02
3.095764433965086937e-03
3.759008347988128662e-01
4.663649015128612518e-03
5.589998364448547363e-01
-1.718898266553878784e-01
3.738004267215728760e-01
5.509626585990190506e-03
3.116074483841657639e-03
-4.231609702110290527e-01
-1.280659586191177368e-01
-7.367567718029022217e-02
3.215655451640486717e-03
-2.791467905044555664e-01
-2.999183023348450661e-03
-3.064664080739021301e-03
7.720908615738153458e-03
7.387777566909790039e-01
-3.819772005081176758e-01
3.320418596267700195e-01
-5.514244437217712402e-01
3.005954623222351074e-01
-3.014390356838703156e-03
-3.633088245987892151e-02
-1.070358753204345703e-01
6.523288041353225708e-02
-6.775746941566467285e-01
-3.160112304612994194e-03
4.682892933487892151e-02
-5.263926088809967041e-02
3.030109452083706856e-03
1.261781528592109680e-02
3.113228827714920044e-03
3.090738318860530853e-03
6.131893023848533630e-03
3.619176149368286133e-02
1.374115794897079468e-01
3.103700466454029083e-03
-4.859972372651100159e-02
4.526741206645965576e-01
-3.088206285610795021e-03
-3.072051331400871277e-03
3.503310494124889374e-03
-4.682892933487892151e-02
-4.235615134239196777e-01
2.147558927536010742e-01
-2.473650574684143066e-01
-3.274901537224650383e-03
3.041479270905256271e-03
-7.218715734779834747e-03
3.091448685154318810e-03
-3.770998911932110786e-03
3.126803552731871605e-03
-5.119616389274597168e-01
-4.393686354160308838e-01
-4.835972785949707031e-01
-4.568569064140319824e-01
1.276527047157287598e-01
2.517327666282653809e-01
3.058107104152441025e-03
-3.014043439179658890e-03
7.053927052766084671e-03
-3.094496438279747963e-03
3.350544022396206856e-03
3.087103366851806641e-03
-3.555100644007325172e-03
3.103952622041106224e-03
3.065732307732105255e-03
-3.129331171512603760e-01
-2.912778854370117188e-01
-9.322588890790939331e-02
6.063659191131591797e-01
-5.698776841163635254e-01
3.041986376047134399e-03
3.164410358294844627e-03
2.192403376102447510e-02
-6.618189811706542969e-02
-5.070401728153228760e-02
3.098235698416829109e-03
-8.000354766845703125e-01
-3.349182894453406334e-03
-3.103846451267600060e-03
3.821159303188323975e-01
-1.515212178230285645e+00
-1.875937730073928833e-02
5.746929049491882324e-01
2.462919205427169800e-01
5.124639272689819336e-01
-3.123305970802903175e-03
-2.929101465269923210e-03
3.093745559453964233e-03
-1.279786080121994019e-01
-3.721652785316109657e-03
3.046129830181598663e-03
-3.560020327568054199e-01
-3.937608301639556885e-01
3.051320314407348633e-01
3.173459554091095924e-03
8.674887567758560181e-02
5.921789258718490601e-02
2.840445041656494141e-01
-3.094673156738281250e-03
-2.997962990775704384e-03
-3.827001154422760010e-01
3.849517405033111572e-01
3.087743185460567474e-03
-5.220021009445190430e-01
-3.087235148996114731e-03
-4.951696693897247314e-01
3.852587193250656128e-02
-3.099018475040793419e-03
-3.084352472797036171e-03
-3.252289723604917526e-03
-3.052412997931241989e-03
3.113869111984968185e-03
3.486643312498927116e-03
-3.332300577312707901e-03
-7.427693009376525879e-01
4.789970219135284424e-01
-3.161339322105050087e-03
3.054420696571469307e-03
-5.921789258718490601e-02
2.411758154630661011e-02
-3.189011011272668839e-03
3.053990425541996956e-03
5.921789258718490601e-02
-1.800894737243652344e-01
9.638546966016292572e-03
-1.684211015701293945e+00
-3.395041227340698242e-01
8.295279741287231445e-01
-2.100524008274078369e-01
1.430608153343200684e+00
3.201737999916076660e-03
3.126353723928332329e-03
-1.263139545917510986e-01
-1.768239289522171021e-01
2.377451658248901367e-01
-3.034206340089440346e-03
3.090242622420191765e-03
-3.159321378916501999e-03
-2.833284735679626465e-01
-6.127665191888809204e-02
-5.689863115549087524e-02
6.572525948286056519e-02
-3.109132172539830208e-03
-3.680380061268806458e-03
3.118093824014067650e-03
-3.171802498400211334e-03
-3.069696947932243347e-03
8.995899930596351624e-03
-3.812600076198577881e-01
2.551993429660797119e-01
3.091052640229463577e-03
-2.119100093841552734e+00
3.385338000953197479e-03
3.056599060073494911e-03
-3.015518188476562500e-03
-1.750323176383972168e-02
-3.134111640974879265e-03
2.192403376102447510e-02
-3.172669792547821999e-03
7.925552725791931152e-01
-6.301384419202804565e-02
-3.114562481641769409e-03
3.230628091841936111e-03
1.497604101896286011e-01
3.175457939505577087e-03
3.395856125280261040e-03
2.073893696069717407e-01
3.056843997910618782e-03
-1.884071342647075653e-02
1.400323957204818726e-01
-3.816524147987365723e-01
-3.142608562484383583e-03
-3.057498484849929810e-03
-3.102360758930444717e-03
-5.426936317235231400e-03
-3.208314776420593262e-01
-8.577381260693073273e-03
-3.152620745822787285e-03
-3.040805924683809280e-03
1.718894690275192261e-01
3.213316434994339943e-03
-3.121762303635478020e-03
4.708140492439270020e-01
3.067539073526859283e-03
-1.320939779281616211e+00
-3.055491251870989799e-03
-5.570746064186096191e-01
3.007940482348203659e-03
8.995899930596351624e-03
-3.332791151478886604e-03
3.176996717229485512e-03
3.098623361438512802e-03
-1.662019640207290649e-02
-3.342816838994622231e-03
5.591427087783813477e-01
-4.775628447532653809e-01
-4.430530369281768799e-01
3.342972602695226669e-03
5.940241217613220215e-01
-3.050294239073991776e-03
-3.008963773027062416e-03
-4.460598826408386230e-01
-5.187396407127380371e-01
7.573465108871459961e-01
3.739446699619293213e-01
-9.205577969551086426e-01
-4.294485785067081451e-03
5.137848258018493652e-01
-3.119922475889325142e-03
3.141821129247546196e-03
5.938636511564254761e-02
5.539163947105407715e-01
-1.456727981567382812e-01
-3.023289144039154053e-03
4.396224617958068848e-01
7.408351898193359375e-01
-3.116470994427800179e-03
2.365161664783954620e-02
5.906757712364196777e-02
1.235853195190429688e+00
-3.197467885911464691e-03
-3.870931565761566162e-01
-3.067335579544305801e-03
3.102225949987769127e-03
7.720908615738153458e-03
3.037409856915473938e-03
2.123597636818885803e-02
4.038409329950809479e-03
3.495527897030115128e-03
3.052400890737771988e-03
3.060558112338185310e-03
3.813635706901550293e-01
-3.108597826212644577e-03
-3.345207776874303818e-03
-4.401012063026428223e-01
-2.857772633433341980e-02
3.052859101444482803e-03
3.149863332509994507e-03
3.290275810286402702e-03
1.107319146394729614e-01
-3.078943351283669472e-03
3.065817756578326225e-03
6.613131761550903320e-01
2.535257339477539062e-01
-2.490243501961231232e-02
3.078668378293514252e-03
3.100312547758221626e-03
-1.228321064263582230e-02
3.084028838202357292e-03
-3.025659918785095215e-02
-3.137198276817798615e-03
6.481599211692810059e-01
3.073352389037609100e-03
3.941508233547210693e-01
3.015847178176045418e-03
3.160110209137201309e-03
2.150886356830596924e-01
2.907434850931167603e-02
3.085800213739275932e-03
2.529021203517913818e-01
-2.125539928674697876e-01
7.593116909265518188e-02
4.777919650077819824e-01
3.430145978927612305e-01
-4.868435487151145935e-02
-3.328050971031188965e-01
1.604837477207183838e-01
1.362901568412780762e+00
-3.098382381722331047e-03
4.256725311279296875e-03
8.527075648307800293e-01
6.423656363040208817e-03
3.154193749651312828e-03
-3.143450245261192322e-03
2.400581836700439453e-01
3.107347786426544189e-01
-3.007315797731280327e-03
2.507886588573455811e-01
1.272954046726226807e-01
-3.918071091175079346e-01
-3.025659918785095215e-02
4.319935142993927002e-01
3.129467135295271873e-03
-3.359764348715543747e-03
-1.839320808649063110e-01
1.661805994808673859e-02
2.123597636818885803e-02
3.119828179478645325e-03
-2.759229242801666260e-01
3.474035998806357384e-03
3.130227793008089066e-03
5.591156482696533203e-01
-3.161101602017879486e-03
2.874794006347656250e-01
3.920749127864837646e-01
-5.185727477073669434e-01
2.934566438198089600e-01
-3.053486347198486328e-03
-3.907104134559631348e-01
-1.750326007604598999e-01
1.327196508646011353e-01
-2.656088173389434814e-01
3.041174495592713356e-03
4.266159608960151672e-02
-3.112930338829755783e-03
-3.003841498866677284e-03
3.244179300963878632e-03
4.340398609638214111e-01
3.225848311558365822e-03
3.129444718360900879e-01
3.128694370388984680e-03
1.756116375327110291e-02
3.137812251225113869e-03
1.205447465181350708e-01
3.051857464015483856e-03
-4.838350415229797363e-02
-3.072367981076240540e-03
3.133680438622832298e-03
-3.432176411151885986e-01
6.321877837181091309e-01
2.199162393808364868e-01
3.888567676767706871e-03
1.095447391271591187e-01
-4.417703449726104736e-01
3.168490016832947731e-03
3.128140000626444817e-03
-5.270221233367919922e-01
2.568884752690792084e-02
-3.142290282994508743e-03
-3.084955038502812386e-03
3.841536818072199821e-03
3.133899997919797897e-03
3.801002502441406250e-01
5.783239603042602539e-01
-3.048376180231571198e-03
2.973736263811588287e-03
1.927070319652557373e-01
-7.006582617759704590e-02
3.111192723736166954e-03
-3.073342610150575638e-03
-1.215425580739974976e-01
-3.028793726116418839e-03
6.118383407592773438e-01
-5.859827399253845215e-01
7.822049260139465332e-01
-2.424400150775909424e-01
5.113882943987846375e-02
3.026077989488840103e-03
3.196870442479848862e-03
-2.411758154630661011e-02
3.420111490413546562e-03
3.096929518505930901e-03
3.084529889747500420e-03
-3.133680438622832298e-03
-8.587643504142761230e-03
-3.115341998636722565e-03
3.117050044238567352e-03
9.152188301086425781e-01
3.086012555286288261e-03
2.925019711256027222e-03
-3.173266770318150520e-03
4.993629753589630127e-01
6.567338705062866211e-01
-3.083188785240054131e-03
4.790262784808874130e-03
-3.143798327073454857e-03
-4.556890726089477539e-01
3.093325300142168999e-03
-1.425057291984558105e+00
4.855442941188812256e-01
1.104239281266927719e-02
2.971939742565155029e-03
-3.583062589168548584e-01
-3.343414049595594406e-03
5.074147135019302368e-03
-4.582062363624572754e-01
7.084786891937255859e-01
-9.233510121703147888e-03
-1.487452983856201172e-01
5.945158004760742188e-01
3.071193583309650421e-03
6.545844953507184982e-03
-1.183238718658685684e-02
3.118442138656973839e-03
-3.031355328857898712e-03
3.052936168387532234e-03
4.767828062176704407e-02
-3.041678108274936676e-03
-3.124581882730126381e-03
3.623455762863159180e-02
-1.659220829606056213e-02
3.548287749290466309e-01
4.222571384161710739e-03
3.060968825593590736e-03
9.149324297904968262e-01
2.125095278024673462e-01
-1.587874442338943481e-01
-3.009103238582611084e-03
3.149764845147728920e-03
3.058879403397440910e-03
-3.034061286598443985e-03
-3.178199054673314095e-03
-4.467539023607969284e-03
3.105854382738471031e-03
3.069320227950811386e-03
3.049716120585799217e-03
-1.293864011764526367e+00
-3.131924429908394814e-03
-3.030261490494012833e-03
4.830099642276763916e-03
4.830099642276763916e-03
6.595681309700012207e-01
-2.999931871891021729e-01
-4.261785652488470078e-03
-3.929843381047248840e-02
-7.554258704185485840e-01
3.079302376136183739e-03
3.006155369803309441e-03
-3.075256012380123138e-03
-6.449621319770812988e-01
3.053844440728425980e-03
3.011300694197416306e-03
1.596431255340576172e+00
3.078796435147523880e-03
-3.184754867106676102e-03
3.055447014048695564e-03
1.750951886177062988e+00
3.960416018962860107e-01
-3.189652459695935249e-03
-3.326965263113379478e-03
-8.178991079330444336e-02
-3.262487938627600670e-03
3.100826870650053024e-03
-3.001910634338855743e-03
-3.078069537878036499e-03
3.075392683967947960e-03
-6.503161787986755371e-01
-7.434516549110412598e-01
5.906757712364196777e-02
-3.094431245699524879e-03
3.036148380488157272e-03
3.151927376165986061e-03
3.109988989308476448e-03
-3.082501888275146484e-01
3.118872409686446190e-03
-3.029281739145517349e-03
3.260408295318484306e-03
3.290938585996627808e-02
-3.050411585718393326e-03
-2.981079276651144028e-03
-3.356165019795298576e-03
7.104907929897308350e-02
3.132437821477651596e-03
3.153157420456409454e-03
-7.421339750289916992e-01
5.408556461334228516e-01
-2.253046333789825439e-01
-3.368859887123107910e-01
5.226922035217285156e-01
-2.252695113420486450e-01
1.166145130991935730e-01
-3.153533674776554108e-03
3.198373597115278244e-03
3.806860744953155518e-01
-3.926820456981658936e-01
1.521838642656803131e-02
5.962390452623367310e-02
-2.649365924298763275e-02
5.876442193984985352e-01
-5.247994661331176758e-01
-3.017427865415811539e-03
4.577841758728027344e-01
4.770059585571289062e-01
3.154836362227797508e-03
-4.933818876743316650e-01
-2.357578724622726440e-01
-3.200124017894268036e-03
6.290170550346374512e-01
-3.106025746092200279e-03
-3.210548544302582741e-03
5.938089918345212936e-03
-9.108593314886093140e-02
-3.960846960544586182e-01
-3.076332155615091324e-03
3.102106507867574692e-03
4.833257198333740234e-01
-3.153720172122120857e-03
-6.111049652099609375e-02
-3.110084915533661842e-03
-3.094640793278813362e-03
4.148959815502166748e-01
3.488943679258227348e-03
1.928349882364273071e-01
-1.210575476288795471e-01
3.112279111519455910e-03
-3.029492218047380447e-03
-3.193174004554748535e-01
2.197298919782042503e-03
-2.995660528540611267e-03
1.052540779113769531e+00
3.088841447606682777e-03
-2.914142012596130371e-01
4.767828062176704407e-02
-7.485911846160888672e-01
8.954234421253204346e-03
-3.055492648854851723e-03
-3.073788248002529144e-03
8.625279068946838379e-01
2.569639869034290314e-02
3.075493266806006432e-03
-3.029592800885438919e-03
3.208788111805915833e-03
3.060361137613654137e-03
7.984200119972229004e-01
-3.160842694342136383e-03
3.084101714193820953e-03
3.925288319587707520e-01
8.615918755531311035e-01
-3.078872337937355042e-03
6.259363889694213867e-02
7.217674255371093750e-01
3.145326394587755203e-03
1.760641336441040039e+00
3.183831227943301201e-03
1.289677619934082031e+00
2.114211171865463257e-01
-3.024394158273935318e-03
1.604837030172348022e-01
1.512161940336227417e-01
-3.770988667383790016e-03
3.055003704503178596e-03
-5.727402493357658386e-02
3.841277910396456718e-03
-5.730270147323608398e-01
-3.050746629014611244e-03
-3.454527119174599648e-03
-3.078885842114686966e-03
-3.121267557144165039e-01
1.929737627506256104e-01
3.164319787174463272e-03
-4.034390151500701904e-01
-9.125244617462158203e-01
-6.807726621627807617e-02
3.131647827103734016e-03
-3.288668096065521240e-01
3.152537643909454346e-01
3.144584596157073975e-03
-2.995076589286327362e-03
6.040532141923904419e-03
2.053659856319427490e-01
-6.807726621627807617e-02
3.191301831975579262e-03
5.617842674255371094e-01
-3.117439569905400276e-03
-1.574016511440277100e-01
-8.058709651231765747e-02
9.551842510700225830e-02
-2.989224391058087349e-03
-1.772174686193466187e-01
5.122767016291618347e-02
3.077793167904019356e-03
3.963577449321746826e-01
4.072255920618772507e-03
2.796915769577026367e-01
3.149557160213589668e-03
4.895049631595611572e-01
-3.181073581799864769e-03
-3.716199658811092377e-03
4.184529781341552734e-01
3.126435913145542145e-03
-4.767828062176704407e-02
-1.401985734701156616e-01
3.249583244323730469e-01
-8.866035342216491699e-01
1.501541137695312500e-01
1.168519183993339539e-01
3.020580159500241280e-03
-3.168410155922174454e-03
6.113641858100891113e-01
-2.563052475452423096e-01
3.076940309256315231e-03
1.393949031829833984e+00
-3.131859702989459038e-03
-1.203466951847076416e-01
3.037501592189073563e-03
-8.691666647791862488e-03
3.162819426506757736e-03
2.048345506191253662e-01
-3.087001387029886246e-03
3.004138357937335968e-03
-3.158667590469121933e-03
-1.787705868482589722e-01
-3.333790926262736320e-03
6.645031571388244629e-01
3.167040413245558739e-03
3.516513109207153320e-01
-2.956937067210674286e-03
-3.189971903339028358e-03
1.516272313892841339e-02
2.578707337379455566e-01
5.921789258718490601e-02
7.684493064880371094e-02
5.388892889022827148e-01
3.030394203960895538e-03
-3.283757949247956276e-03
-3.002227051183581352e-03
-2.097569704055786133e-01
6.444114446640014648e-01
-1.884071342647075653e-02
-3.182527842000126839e-03
-7.375248074531555176e-01
3.107340307906270027e-03
3.113529412075877190e-03
-1.324079394340515137e+00
-5.111777782440185547e-01
3.120587440207600594e-03
3.109830664470791817e-03
-2.953271940350532532e-02
-9.352280497550964355e-01
3.075333237648010254e-01
-3.081516362726688385e-03
4.324500560760498047e-01
9.408056139945983887e-01
-7.553935516625642776e-03
2.998382318764925003e-03
5.216227769851684570e-01
3.094564424827694893e-03
-3.090707119554281235e-03
-3.096993779763579369e-03
5.200237035751342773e-02
-3.064001677557826042e-03
-3.110526828095316887e-03
-3.082601819187402725e-03
-2.953271940350532532e-02
3.156786551699042320e-03
3.423875272274017334e-01
3.097348380833864212e-03
-2.794061601161956787e-01
4.094262048602104187e-02
-3.249933244660496712e-03
-2.975128823891282082e-03
-3.129056887701153755e-03
3.039666414260864258e-01
3.216521581634879112e-03
3.094285028055310249e-03
-3.100498579442501068e-03
3.070224542170763016e-03
-1.095089502632617950e-02
-3.069533267989754677e-03
3.086966695263981819e-03
-3.095261054113507271e-03
-3.149056807160377502e-03
-3.014669753611087799e-03
3.077636472880840302e-03
-3.393005346879363060e-03
-3.032354172319173813e-03
-3.115925239399075508e-03
-1.111423254013061523e+00
3.030512947589159012e-03
-4.232668876647949219e-01
2.568050026893615723e-01
-3.391364216804504395e-02
-3.121941816061735153e-03
-3.112764097750186920e-03
1.588094793260097504e-02
3.014700952917337418e-03
3.213017014786601067e-03
-4.046467542648315430e-01
3.027847269549965858e-03
3.734914958477020264e-01
-4.291334748268127441e-01
5.931665897369384766e-01
-7.820339202880859375e-01
1.689952760934829712e-01
-3.106990596279501915e-03
4.269537627696990967e-01
3.067767014726996422e-03
-9.906967170536518097e-03
1.444322802126407623e-02
-3.002798650413751602e-03
2.677150629460811615e-02
4.656582139432430267e-03
-5.440104752779006958e-03
-1.911586895585060120e-02
1.677540093660354614e-01
-3.048690501600503922e-03
-3.934796452522277832e-01
3.105302574113011360e-03
6.438276767730712891e-01
1.686866581439971924e-01
-6.607790589332580566e-01
-3.029833547770977020e-03
3.482728898525238037e-01
4.836675897240638733e-02
-9.677006602287292480e-01
1.839675307273864746e-01
-3.128283619880676270e-01
-3.093959530815482140e-03
3.109904006123542786e-03
-3.116014301776885986e-01
3.059956012293696404e-03
-3.130633849650621414e-03
-3.137902822345495224e-03
3.134014317765831947e-03
-4.894445836544036865e-02
-3.421587636694312096e-03
3.119742963463068008e-03
-5.768013000488281250e-01
-3.186946036294102669e-03
-4.433089122176170349e-02
-2.968745538964867592e-03
6.165637969970703125e-01
1.405247449874877930e+00
4.656583536416292191e-03
3.121708752587437630e-03
-3.022025804966688156e-03
-3.155706217512488365e-03
5.946693476289510727e-03
-3.156287362799048424e-03
9.217939972877502441e-01
3.333271713927388191e-03
-3.091281978413462639e-03
3.139366507530212402e-01
-1.105377450585365295e-02
-9.290509670972824097e-02
3.015944734215736389e-03
-1.130111932754516602e+00
5.123872756958007812e-01
-3.041929099708795547e-03
-3.092975355684757233e-03
-1.973644793033599854e-01
-9.356262683868408203e-01
5.185093358159065247e-02
3.080456554889678955e-01
2.073890417814254761e-01
-3.166822250932455063e-03
4.090343415737152100e-01
3.064158838242292404e-03
4.112695157527923584e-01
-3.064080141484737396e-03
3.016703994944691658e-03
-3.112274920567870140e-03
-3.115178784355521202e-03
6.423656363040208817e-03
3.824772834777832031e-01
-3.151339711621403694e-03
3.171021584421396255e-03
-3.120052628219127655e-03
2.734861671924591064e-01
3.864813363179564476e-03
-8.409257233142852783e-02
3.131456905975937843e-03
-5.070401728153228760e-02
3.989186584949493408e-01
-4.103915989398956299e-01
3.037218470126390457e-03
2.861975925043225288e-03
3.033282700926065445e-03
-1.300986707210540771e-01
-3.010787535458803177e-03
3.142587142065167427e-03
-4.259132966399192810e-02
-9.404335170984268188e-03
-2.359773963689804077e-01
3.221782855689525604e-03
-3.968639969825744629e-01
5.142510533332824707e-01
6.011213660240173340e-01
-3.149752272292971611e-03
8.966681361198425293e-01
-1.173185855150222778e-01
-5.491392686963081360e-03
-3.081212053075432777e-03
-3.796500861644744873e-01
-3.043148666620254517e-03
6.596401929855346680e-01
-2.018742710351943970e-01
-5.745412111282348633e-01
3.080366412177681923e-03
-3.065447788685560226e-03
2.150136083364486694e-01
-3.855746686458587646e-01
-3.073529573157429695e-03
-2.791468203067779541e-01
3.546001017093658447e-01
3.078188747167587280e-03
3.867538273334503174e-02
-2.907607853412628174e-01
3.077055094763636589e-03
-3.230456262826919556e-03
-1.228319667279720306e-02
4.790249168872833252e-01
-3.836638759821653366e-03
3.113860497251152992e-03
3.239192999899387360e-03
3.042318858206272125e-03
-3.104586154222488403e-03
-1.653361171483993530e-01
3.091800725087523460e-03
3.055185545235872269e-03
-2.944300416857004166e-03
9.027475863695144653e-02
-3.821618556976318359e-01
-4.752162396907806396e-01
-7.996524572372436523e-01
3.144129738211631775e-02
3.186801914125680923e-03
-3.099156310781836510e-03
5.617866516113281250e-01
3.039519535377621651e-03
3.117363434284925461e-03
-2.537829577922821045e-01
3.151833079755306244e-03
-2.355800382792949677e-02
2.346467077732086182e-01
-3.489595372229814529e-03
3.151834011077880859e-03
6.522438526153564453e-01
3.161074128001928329e-03
2.603609859943389893e-01
-3.154446184635162354e-02
-1.588095538318157196e-02
-1.791237235069274902e+00
-1.413328666239976883e-02
9.259499311447143555e-01
-3.076432738453149796e-03
3.111090511083602905e-03
-3.247421234846115112e-03
3.285647369921207428e-03
-3.087329678237438202e-03
1.909382455050945282e-02
-3.917801380157470703e-02
-3.085170174017548561e-03
-2.369663566350936890e-01
3.019847441464662552e-03
3.656470775604248047e-01
-6.694885343313217163e-02
-9.063151665031909943e-03
3.127247793599963188e-03
3.184730419889092445e-03
1.413328666239976883e-02
-3.788463473320007324e-01
3.051595296710729599e-03
-2.995620947331190109e-03
-6.858879923820495605e-01
4.157595336437225342e-01
1.609916210174560547e+00
3.079830203205347061e-03
1.490943074226379395e+00
3.058672184124588966e-03
-3.369857072830200195e-01
1.857666373252868652e+00
3.958643078804016113e-01
1.386736273765563965e+00
-3.083256538957357407e-03
-3.065869510173797607e-01
-6.024636030197143555e-01
-5.181303247809410095e-02
3.059292444959282875e-03
-1.377133131027221680e+00
3.847697973251342773e-01
-8.990908041596412659e-03
3.066633595153689384e-03
7.831062674522399902e-01
-3.285250393673777580e-03
3.198803868144750595e-03
3.031234722584486008e-03
1.821869760751724243e-01
4.748387262225151062e-03
3.144129738211631775e-02
3.942646086215972900e-01
3.165488364174962044e-03
-3.055798588320612907e-03
-3.131736218929290771e-01
3.122422145679593086e-03
4.444990158081054688e-01
3.125343937426805496e-03
-1.074340581893920898e+00
3.741183578968048096e-01
-3.315457105636596680e-01
-1.276797950267791748e-01
8.008196353912353516e-01
1.040007323026657104e-01
-3.155466634780168533e-03
3.037316957488656044e-03
3.162063891068100929e-03
3.248265944421291351e-03
1.175534129142761230e+00
3.078825538977980614e-03
-3.099133959040045738e-03
5.689306259155273438e-01
-4.656583536416292191e-03
3.089890815317630768e-03
-3.212059149518609047e-03
-3.080874681472778320e-03
-3.061291063204407692e-03
5.367826670408248901e-03
-4.035674333572387695e-01
-1.910685896873474121e+00
-3.037351416423916817e-03
-8.013097196817398071e-02
1.750457406044006348e+00
3.046960104256868362e-03
4.463543593883514404e-01
-4.297702610492706299e-01
-3.144129738211631775e-02
3.194438060745596886e-03
-3.166280454024672508e-03
4.019234478473663330e-01
3.212542505934834480e-03
1.521838642656803131e-02
-1.975839957594871521e-03
-2.709019482135772705e-01
-3.076968248933553696e-03
3.465278306975960732e-03
4.711881577968597412e-01
-2.046594209969043732e-02
3.036949085071682930e-03
-5.490851402282714844e-02
2.854823879897594452e-02
3.212363123893737793e-01
3.007284831255674362e-03
3.164069727063179016e-03
3.127477830275893211e-03
-1.857086658477783203e+00
-4.330785013735294342e-03
-3.194496268406510353e-03
-3.067222656682133675e-03
-3.021612763404846191e-03
3.124393522739410400e-03
-3.133251564577221870e-03
-2.236235514283180237e-02
3.046270925551652908e-03
-3.054645843803882599e-03
3.976397216320037842e-02
1.104240398854017258e-02
3.832296431064605713e-01
3.141625784337520599e-03
-9.102079272270202637e-02
2.603608965873718262e-01
-5.588400363922119141e-01
3.071060637012124062e-03
-3.214417025446891785e-03
3.069528378546237946e-03
-1.545878052711486816e-01
4.187071919441223145e-01
-3.080852329730987549e-03
-3.781617805361747742e-02
-3.049757797271013260e-03
-5.728272348642349243e-02
2.840444147586822510e-01
3.034261055290699005e-03
3.060228191316127777e-03
6.111049652099609375e-02
-3.427573014050722122e-03
4.201833009719848633e-01
-3.063416574150323868e-03
-3.062933450564742088e-03
-3.042108844965696335e-03
-2.441947013139724731e-01
-4.652885794639587402e-01
3.176546189934015274e-03
3.046995494514703751e-03
-1.466119766235351562e+00
5.149476528167724609e-01
1.199285872280597687e-02
-1.342554926872253418e+00
-3.055452834814786911e-03
3.003379795700311661e-03
8.424201011657714844e-01
2.422819584608078003e-01
3.267150819301605225e-01
5.970734357833862305e-01
1.105377078056335449e-02
-1.202885746955871582e+00
-9.105641841888427734e-01
3.819609880447387695e-01
-3.106840187683701515e-03
-2.148000299930572510e-01
-3.223517211154103279e-03
-2.962946193292737007e-03
6.727883815765380859e-01
3.075313987210392952e-03
-3.124497132375836372e-03
6.215044856071472168e-01
3.200142411515116692e-03
-3.131247824057936668e-03
-1.912931911647319794e-02
3.088050056248903275e-03
-3.062820527702569962e-03
-3.057845169678330421e-03
-6.373583525419235229e-02
2.538433857262134552e-02
-6.846312284469604492e-01
-3.222285537049174309e-03
-1.856148838996887207e-01
2.051149606704711914e-01
1.560824736952781677e-02
-5.812844038009643555e-01
2.236235514283180237e-02
-3.056908259168267250e-03
7.318353056907653809e-01
-2.899618353694677353e-03
2.809358835220336914e-01
3.065532306209206581e-03
3.351029707118868828e-03
3.131235716864466667e-03
-1.334539055824279785e-01
3.138298168778419495e-03
-3.053891705349087715e-03
3.042640164494514465e-03
-6.545776873826980591e-02
3.168178256601095200e-03
-3.008002880960702896e-03
8.721678256988525391e-01
8.181732892990112305e-02
1.257337450981140137e+00
-1.713841259479522705e-01
3.600060641765594482e-01
-9.957444071769714355e-01
3.039117204025387764e-03
3.166166134178638458e-03
-3.075673710554838181e-03
-7.160069346427917480e-01
1.695007920265197754e+00
3.182308748364448547e-02
3.074584761634469032e-03
-3.132525132969021797e-03
5.662492513656616211e-01
-3.126153722405433655e-03
-3.099699737504124641e-03
-5.831037163734436035e-01
3.082769690081477165e-03
6.897083520889282227e-01
-3.166117519140243530e-02
1.592557072639465332e+00
3.030432853847742081e-03
5.223677754402160645e-01
3.011370310559868813e-03
-3.125567222014069557e-03
-3.070199396461248398e-03
-3.073392435908317566e-03
3.251404734328389168e-03
-3.065895987674593925e-03
-6.040532141923904419e-03
5.867271870374679565e-02
-4.231107831001281738e-01
-3.959727883338928223e-01
-3.820006847381591797e-01
-3.077265573665499687e-03
3.060328541323542595e-03
3.100353293120861053e-03
-6.298172473907470703e-01
-3.083559218794107437e-03
-1.107897087931632996e-01
-3.031577216461300850e-03
3.055108012631535530e-03
3.153363941237330437e-03
3.037549089640378952e-03
3.177697071805596352e-03
-6.940096616744995117e-01
-3.083984367549419403e-03
3.203587373718619347e-03
3.065842902287840843e-03
-1.835022680461406708e-02
-3.005670383572578430e-03
-8.988678455352783203e-01
5.114149451255798340e-01
-4.350079689174890518e-03
1.862357735633850098e+00
2.605196237564086914e-01
-4.232346415519714355e-01
-3.077028552070260048e-03
6.983768939971923828e-01
5.023959651589393616e-02
1.604845970869064331e-01
-2.507886886596679688e-01
-3.773305416107177734e-01
-1.112951397895812988e+00
3.597212135791778564e-01
5.470889210700988770e-01
3.137734485790133476e-03
-2.562297582626342773e-01
-3.133649704977869987e-03
3.307809308171272278e-02
-3.009425243362784386e-03
-3.080402966588735580e-03
-3.026326186954975128e-03
9.433385729789733887e-02
3.106331219896674156e-03
3.924578130245208740e-01
3.402333008125424385e-03
-1.433752775192260742e-01
-3.955397605895996094e-01
-3.487400114536285400e-01
3.335251472890377045e-03
-1.166222034953534603e-03
7.625295519828796387e-01
3.145913127809762955e-03
2.056891620159149170e-01
3.119114320725202560e-03
-1.173847317695617676e+00
8.928801864385604858e-02
3.084385097026824951e-01
3.164132824167609215e-03
8.853874802589416504e-01
-3.104808740317821503e-03
-4.231051504611968994e-01
-2.701507508754730225e-01
-2.997564151883125305e-03
-3.131833160296082497e-03
3.150780918076634407e-03
-3.088907105848193169e-03
3.129320684820413589e-03
-3.131169592961668968e-03
-3.185295732691884041e-03
3.109385957941412926e-03
3.008934203535318375e-03
3.512174589559435844e-03
-3.100111149251461029e-03
3.061723429709672928e-03
2.603603303432464600e-01
1.537655014544725418e-02
-8.044060468673706055e-01
3.040165174752473831e-03
3.376466035842895508e-02
3.027843777090311050e-03
-2.998074516654014587e-03
3.031032392755150795e-03
-3.006029408425092697e-03
3.098682500422000885e-03
-1.207695249468088150e-02
3.106809919700026512e-03
6.301384419202804565e-02
1.060173436999320984e-01
3.969984054565429688e-01
-3.091456135734915733e-03
3.808486163616180420e-01
1.516342163085937500e-01
3.113761544227600098e-03
-5.545062422752380371e-01
-3.278087079524993896e-01
2.454596571624279022e-02
4.635157994925975800e-03
7.636268734931945801e-01
1.589200347661972046e-01
1.363911032676696777e-01
-1.912113726139068604e-01
3.042528405785560608e-03
-3.072473686188459396e-03
-3.926538825035095215e-01
1.004937767982482910e+00
1.951692439615726471e-02
-2.172549441456794739e-02
9.222901426255702972e-03
-3.158914856612682343e-03
-4.861925914883613586e-02
-3.053071908652782440e-03
4.512943625450134277e-01
5.164763890206813812e-03
3.109446261078119278e-03
3.124458715319633484e-03
-4.511384665966033936e-01
-3.457504790276288986e-03
-1.909382455050945282e-02
3.154908306896686554e-03
3.241374390199780464e-03
-1.213611483573913574e+00
3.243193030357360840e-03
-2.083359807729721069e-01
2.382035553455352783e-01
3.924377560615539551e-01
3.028390463441610336e-03
-3.146803239360451698e-03
1.085330367088317871e+00
4.311697781085968018e-01
3.100699512287974358e-03
3.284561214968562126e-03
-3.082285635173320770e-03
1.279786080121994019e-01
4.263860881328582764e-01
3.122193040326237679e-03
1.210238099098205566e+00
4.744021892547607422e-01
-3.078698879107832909e-03
9.535669088363647461e-01
6.038433313369750977e-02
2.993425820022821426e-03
3.861272335052490234e-01
4.645341932773590088e-01
-3.009016858413815498e-03
3.116522682830691338e-03
-1.484818607568740845e-01
-3.960456848144531250e-01
-3.622937798500061035e-01
-3.680380061268806458e-03
-5.355557203292846680e-01
-1.178785227239131927e-02
-3.083656774833798409e-03
-3.233265578746795654e-01
4.766828715801239014e-01
1.205447465181350708e-01
5.015189647674560547e-01
6.198657155036926270e-01
-3.053615801036357880e-03
-2.359804362058639526e-01
-6.200929880142211914e-01
-3.144129738211631775e-02
-3.066784935072064400e-03
-8.948307037353515625e-01
7.631379961967468262e-01
3.890230953693389893e-01
4.082600772380828857e-01
-1.031619310379028320e+00
3.003765130415558815e-03
3.352855565026402473e-03
2.784455427899956703e-03
-3.096045926213264465e-03
-2.998028099536895752e-01
-5.210545063018798828e-01
1.881771907210350037e-02
3.772894442081451416e-01
-3.745972644537687302e-03
-2.696693409234285355e-03
-5.643106102943420410e-01
-4.528952538967132568e-01
-3.127615666016936302e-03
4.309790674597024918e-03
2.632685601711273193e-01
-3.032649867236614227e-03
-3.138153813779354095e-03
3.136510262265801430e-03
-2.297384142875671387e-01
5.500708706676959991e-03
-3.135147504508495331e-03
-2.736067026853561401e-02
3.161433618515729904e-03
3.668163437396287918e-03
4.515111744403839111e-01
3.161736531183123589e-03
-3.048112150281667709e-03
-3.178841900080442429e-03
-2.722440958023071289e-01
3.070901846513152122e-03
3.046768251806497574e-03
3.940604329109191895e-01
-5.197037458419799805e-01
-3.125234274193644524e-03
3.394577503204345703e-01
-4.282252490520477295e-01
3.283343743532896042e-03
3.107510041445493698e-03
3.101037582382559776e-03
3.192952834069728851e-03
2.866940805688500404e-03
-2.688438594341278076e-01
3.369279671460390091e-03
-2.960370779037475586e-01
3.004260594025254250e-03
1.850814670324325562e-01
-2.943593859672546387e-01
3.074170323088765144e-03
-3.135048551484942436e-03
-2.718233689665794373e-02
-3.147439798340201378e-03
8.529323339462280273e-01
-1.095089502632617950e-02
3.138910979032516479e-03
-3.120664507150650024e-03
-3.097312524914741516e-03
-3.036013571545481682e-03
4.843851625919342041e-01
3.054873319342732430e-03
-5.062410235404968262e-01
-2.321878224611282349e-01
-3.146216273307800293e-03
3.013261826708912849e-03
4.830189645290374756e-01
-3.214916447177529335e-03
-5.263926088809967041e-02
3.059072420001029968e-03
-1.334299743175506592e-01
-3.025704063475131989e-03
3.019969910383224487e-03
1.918104141950607300e-01
2.999675227329134941e-03
3.366857469081878662e-01
-3.100282847881317139e-01
-5.782468914985656738e-01
-3.106411313638091087e-03
5.763071775436401367e-01
-7.738140970468521118e-02
-3.139632288366556168e-03
-3.038048045709729195e-03
-3.049337305128574371e-03
4.350079689174890518e-03
7.111749649047851562e-01
1.504397392272949219e-01
3.904143813997507095e-03
1.251284360885620117e+00
3.070524428039789200e-03
-3.587207198143005371e-01
5.299834012985229492e-01
6.779504474252462387e-03
-3.138021565973758698e-03
2.999702002853155136e-03
3.001910168677568436e-03
-3.140776650980114937e-03
3.073742613196372986e-03
3.005719976499676704e-03
3.073431849479675293e-01
-3.146397648379206657e-03
-3.942278027534484863e-01
8.268529176712036133e-01
2.992452355101704597e-03
-3.133771242573857307e-03
3.009723732247948647e-03
-4.092682301998138428e-01
-3.155184909701347351e-03
-3.030335530638694763e-03
-6.558979153633117676e-01
3.136481391265988350e-03
-8.925956487655639648e-01
2.802452445030212402e-01
3.296239674091339111e-01
-3.019173862412571907e-03
-3.132100915536284447e-03
-3.052721265703439713e-03
-5.525289177894592285e-01
3.079586848616600037e-02
7.825039029121398926e-01
-9.906965307891368866e-03
-3.232186138629913330e-01
-9.429930448532104492e-01
-6.109298467636108398e-01
-3.190999384969472885e-03
-3.083241870626807213e-03
3.114649327471852303e-03
-3.724715411663055420e-01
-3.125536255538463593e-03
3.614660501480102539e-01
-9.535704851150512695e-01
3.059891983866691589e-03
5.582174062728881836e-01
-1.750323176383972168e-02
-7.006582617759704590e-02
-3.096044762060046196e-03
1.365360319614410400e-01
-3.138340311124920845e-03
2.907434850931167603e-02
3.090898040682077408e-03
3.175345016643404961e-03
-2.018189989030361176e-03
-3.136777086183428764e-03
6.131893023848533630e-03
3.032213076949119568e-03
6.131893023848533630e-03
3.613727092742919922e-01
3.614160716533660889e-01
-3.182873362675309181e-03
-5.447686910629272461e-01
3.020188305526971817e-03
-3.155557904392480850e-03
9.222901426255702972e-03
3.027091734111309052e-03
8.228955417871475220e-02
7.831563949584960938e-01
3.894669711589813232e-01
1.774769276380538940e-01
1.228318456560373306e-02
-1.104239374399185181e-02
-7.706590890884399414e-01
-3.137968014925718307e-03
3.359276801347732544e-03
3.154405392706394196e-03
-9.967885613441467285e-01
3.046847879886627197e-03
3.044127253815531731e-03
-1.333874315023422241e-01
3.158577717840671539e-03
1.106232590973377228e-02
-3.139150328934192657e-03
3.342913696542382240e-03
3.145791590213775635e-03
3.109410703182220459e-01
-1.166145130991935730e-01
-2.421062290668487549e-01
3.404814749956130981e-02
-3.885325975716114044e-03
-3.141504246741533279e-03
-3.148265648633241653e-03
-4.709499422460794449e-03
-5.516727566719055176e-01
-3.167098853737115860e-03
2.925933897495269775e-01
-5.631123781204223633e-01
3.046597819775342941e-03
-3.133988240733742714e-03
-3.864599466323852539e-01
-3.330135950818657875e-03
3.191025229170918465e-03
3.166940063238143921e-03
-3.106349380686879158e-03
2.407684475183486938e-01
-3.054532222449779510e-03
8.103388547897338867e-01
3.454526886343955994e-03
-8.555249124765396118e-02
3.062876872718334198e-03
-8.348038792610168457e-01
2.053659856319427490e-01
-4.379899427294731140e-02
-3.132317913696169853e-03
-3.083591349422931671e-03
1.840733885765075684e-01
-3.237757598981261253e-03
5.645279288291931152e-01
3.043768461793661118e-03
-3.184544155374169350e-03
-4.714822471141815186e-01
3.002519952133297920e-03
3.076206194236874580e-03
3.194582881405949593e-03
3.261193865910172462e-03
3.115727799013257027e-03
-3.089723177254199982e-03
-2.759705763310194016e-03
2.078821212053298950e-01
-3.106238553300499916e-03
2.650525271892547607e-01
3.321698680520057678e-02
3.037641989067196846e-03
3.005121834576129913e-03
-3.657389283180236816e-01
3.098229877650737762e-03
-1.129308491945266724e-01
3.131542820483446121e-03
-8.352587223052978516e-01
-3.064846992492675781e-02
3.125806106254458427e-03
1.197124242782592773e+00
-3.059000009670853615e-03
3.131525823846459389e-03
7.639901638031005859e-01
-3.769772825762629509e-03
3.129180520772933960e-03
-1.624180674552917480e+00
3.124681068584322929e-03
3.037260379642248154e-03
-5.620598196983337402e-01
-3.015513764694333076e-03
3.192335832864046097e-03
4.872925579547882080e-01
-3.102994756773114204e-03
-6.262134313583374023e-01
3.828405635431408882e-03
-3.070541657507419586e-03
-5.437848567962646484e-01
-3.186149755492806435e-03
-3.033728571608662605e-03
-3.133266698569059372e-03
3.093866398558020592e-03
6.930863019078969955e-03
-4.859972372651100159e-02
3.031673142686486244e-03
7.684904336929321289e-01
4.037803038954734802e-02
8.796566724777221680e-01
3.021680517122149467e-03
-3.249022644013166428e-03
3.072462044656276703e-03
3.126740921288728714e-03
-3.620956093072891235e-03
-3.166117519140243530e-02
-3.104415489360690117e-03
-7.802183926105499268e-02
3.080424619838595390e-03
-3.053781110793352127e-03
-2.979202196002006531e-03
-3.096022643148899078e-03
2.473744098097085953e-03
3.064033575356006622e-03
3.010648302733898163e-03
-2.094452977180480957e-01
3.116840263828635216e-03
-1.199967786669731140e-01
-3.216093871742486954e-03
-1.178785227239131927e-02
-3.369524376466870308e-03
3.141078399494290352e-03
3.100847126916050911e-03
-3.009368432685732841e-03
4.450542926788330078e-01
-3.253074586391448975e-01
-3.053885884582996368e-03
3.536505997180938721e-01
-7.009723782539367676e-01
-3.088512690737843513e-03
-3.695953171700239182e-03
-3.051152685657143593e-03
3.203830448910593987e-03
8.649392984807491302e-03
-6.606503576040267944e-02
-2.551579149439930916e-03
8.694167248904705048e-03
8.539090305566787720e-02
-4.907988905906677246e-01
-3.084842115640640259e-03
-3.016746835783123970e-03
1.154730096459388733e-01
-2.741981744766235352e-01
-8.911089301109313965e-01
3.034817520529031754e-03
-1.451870799064636230e+00
-7.802714407444000244e-02
1.127025723457336426e+00
3.063522279262542725e-03
3.146581817418336868e-03
4.622789025306701660e-01
-2.567548751831054688e-01
-3.081683767959475517e-03
-2.331545054912567139e-01
3.164977300912141800e-03
3.088061697781085968e-03
3.024023957550525665e-03
3.100502071902155876e-03
1.420103549957275391e+00
3.010883927345275879e-03
-3.131336066871881485e-03
3.191814292222261429e-03
3.051014151424169540e-03
5.834158658981323242e-01
-6.676880121231079102e-01
-3.139693988487124443e-03
3.038553986698389053e-03
3.013442270457744598e-03
6.127665191888809204e-02
5.426936317235231400e-03
3.123336937278509140e-03
-3.118868684396147728e-03
-1.518044590950012207e+00
-5.725155472755432129e-01
3.370009660720825195e-01
-5.133207440376281738e-01
-2.932680305093526840e-03
1.775068789720535278e-01
3.111102851107716560e-03
-3.009696025401353836e-03
-2.912961840629577637e-01
-3.118650754913687706e-03
-2.569639869034290314e-02
4.388988614082336426e-01
3.024428617209196091e-03
-6.335801444947719574e-03
3.518124809488654137e-03
-3.923854827880859375e-01
3.116820007562637329e-03
-3.122473135590553284e-03
-3.106864402070641518e-03
3.074006177484989166e-03
-3.352439496666193008e-03
-7.982371449470520020e-01
-2.809943258762359619e-01
-3.127110423520207405e-03
3.190334187820553780e-03
3.159270854666829109e-03
3.023502882570028305e-03
-2.107169181108474731e-01
3.149608382955193520e-03
6.629084050655364990e-02
1.158103197813034058e-01
-1.487578511238098145e+00
6.618344038724899292e-02
6.610485911369323730e-02
3.253873670473694801e-03
6.198523640632629395e-01
-1.330380290746688843e-01
3.179611638188362122e-03
3.503326792269945145e-03
-3.093311097472906113e-03
5.911939740180969238e-01
2.150613814592361450e-01
-3.039539325982332230e-03
3.062524134293198586e-03
3.119255648925900459e-03
-4.729315172880887985e-03
3.056823043152689934e-03
-4.830099642276763916e-03
3.383040195330977440e-03
-3.118971595540642738e-03
2.953271940350532532e-02
3.121222853660583496e-01
-3.345151199027895927e-03
-7.966704964637756348e-01
2.216419763863086700e-02
-3.148298244923353195e-03
-5.613793730735778809e-01
4.330855794250965118e-03
3.539335727691650391e-01
4.724272713065147400e-02
3.115109400823712349e-03
-2.857772633433341980e-02
-5.070401728153228760e-02
-3.092272207140922546e-03
2.650519311428070068e-01
-1.077031135559082031e+00
4.224374592304229736e-01
6.853892207145690918e-01
3.921830356121063232e-01
3.161247121170163155e-03
3.517644945532083511e-03
-6.694885343313217163e-02
-4.188635051250457764e-01
7.554577589035034180e-01
-9.212843142449855804e-03
3.127577947452664375e-03
9.591659307479858398e-01
3.057484980672597885e-03
-3.005887614563107491e-03
5.473886132240295410e-01
-3.079360127449035645e-01
3.184515750035643578e-03
3.145433962345123291e-03
3.103694412857294083e-03
-1.659220829606056213e-02
3.115228377282619476e-03
-3.064841730520129204e-03
-3.062310162931680679e-03
3.188356757164001465e-03
7.627741098403930664e-01
-3.036004723981022835e-03
-2.254262566566467285e-02
3.066408447921276093e-03
3.242277773097157478e-03
-3.165811765938997269e-03
-3.095974912866950035e-03
3.503568470478057861e-03
-3.095248481258749962e-03
-2.071054577827453613e-01
-3.119648667052388191e-03
3.288788795471191406e-01
3.668162971735000610e-03
3.056489229202270508e-01
-3.824874460697174072e-01
-3.849152028560638428e-01
3.830544054508209229e-01
1.352718919515609741e-01
-2.914384938776493073e-02
8.007858991622924805e-01
-4.234931431710720062e-03
-3.111018100753426552e-03
3.700543893501162529e-03
3.085175994783639908e-03
-8.063990473747253418e-01
3.147515468299388885e-03
3.198798978701233864e-03
3.034854540601372719e-03
3.816030025482177734e-01
3.079403890296816826e-03
3.051147796213626862e-03
-4.616993069648742676e-01
-3.695141375064849854e-01
-6.207799315452575684e-01
3.106685280799865723e-01
5.448052659630775452e-02
2.591501772403717041e-01
3.231103997677564621e-03
-4.028821364045143127e-02
1.142462372779846191e+00
-1.144292056560516357e-01
1.207694783806800842e-02
-5.787271261215209961e-01
-2.529014050960540771e-01
-1.604743152856826782e-01
-4.261526465415954590e-01
-3.104006173089146614e-03
3.044002689421176910e-03
6.038677096366882324e-01
8.013505339622497559e-01
-3.108904929831624031e-03
1.843705773353576660e-01
3.155744401738047600e-03
-3.077175933867692947e-03
-1.035875752568244934e-01
3.146571340039372444e-03
9.251165390014648438e-01
-1.459851622581481934e+00
-3.054548520594835281e-03
-3.020247910171747208e-03
-3.056320128962397575e-03
3.101800335571169853e-03
3.296342678368091583e-03
3.044721903279423714e-03
1.179501488804817200e-01
3.105389885604381561e-03
-8.954234421253204346e-03
8.758977651596069336e-01
-3.814530968666076660e-01
-2.603609859943389893e-01
3.165953094139695168e-03
-1.711835116147994995e-01
-3.057611407712101936e-03
-3.747279047966003418e-01
-9.210272692143917084e-03
-3.004599362611770630e-03
5.084382891654968262e-01
3.092259867116808891e-03
-3.432727651670575142e-03
-2.722531259059906006e-01
-3.174975281581282616e-03
-3.181032603606581688e-03
-1.228317990899085999e-02
1.452534079551696777e+00
3.004044890403747559e-01
-3.888797163963317871e-01
4.403884336352348328e-02
2.953271940350532532e-02
3.228329820558428764e-03
3.141488879919052124e-03
3.054978791624307632e-03
-1.229281798005104065e-01
-8.078554868698120117e-01
-3.134011030197143555e-01
3.175727324560284615e-03
-8.877516388893127441e-01
1.601471565663814545e-02
-3.058612579479813576e-03
1.829297281801700592e-02
5.709284171462059021e-02
-6.618189811706542969e-02
-7.704786658287048340e-01
-3.038118127733469009e-03
7.802183926105499268e-02
-3.908838331699371338e-01
1.497297883033752441e-01
-2.603606283664703369e-01
3.174553625285625458e-03
4.532083570957183838e-01
4.779619351029396057e-02
-4.466923326253890991e-02
-2.114280313253402710e-01
3.098673885688185692e-03
1.279786080121994019e-01
6.588413119316101074e-01
-3.185337642207741737e-03
-3.366504013538360596e-01
6.198992133140563965e-01
-3.010834101587533951e-03
7.513070106506347656e-01
3.726085126399993896e-01
-6.735518574714660645e-01
-7.882435917854309082e-01
-3.175218356773257256e-03
7.490819096565246582e-01
-3.199967555701732635e-03
2.087205648422241211e+00
3.082465147599577904e-03
1.442583650350570679e-01
-6.275493502616882324e-01
-3.045232966542243958e-03
-3.732834160327911377e-01
2.531742304563522339e-02
8.741418719291687012e-01
-2.353174686431884766e-01
-5.027633905410766602e-01
-3.421565052121877670e-03
-3.100816858932375908e-03
3.096231725066900253e-03
-3.067955840378999710e-03
-3.166027599945664406e-03
1.423681247979402542e-02
-3.198491409420967102e-03
6.003702878952026367e-01
-3.051414620131254196e-03
3.421460976824164391e-03
8.484928011894226074e-01
3.060558112338185310e-03
-5.948843955993652344e-01
-3.071343526244163513e-03
3.134877420961856842e-03
3.379102423787117004e-02
-3.137644380331039429e-03
-3.068994497880339622e-03
-3.240240272134542465e-03
3.076184093952178955e-01
-3.695953870192170143e-03
-1.393026411533355713e-01
-3.817965742200613022e-03
3.156288061290979385e-03
-2.378090657293796539e-02
7.589239478111267090e-01
3.126946976408362389e-03
3.119210479781031609e-03
3.574722409248352051e-01
-1.970603615045547485e-01
-3.823789954185485840e-01
3.943023681640625000e-01
4.917362630367279053e-01
1.357722580432891846e-01
3.071195911616086960e-03
3.109221346676349640e-03
3.052135463804006577e-03
8.993324637413024902e-02
3.092411905527114868e-03
3.043689765036106110e-03
-8.033888936042785645e-01
-1.964819431304931641e-01
-5.014835000038146973e-01
-1.280265808105468750e+00
3.153762780129909515e-03
-4.840101897716522217e-01
-3.743496490642428398e-03
-3.155183745548129082e-03
-4.512272179126739502e-01
1.487434357404708862e-01
1.828009039163589478e-01
3.108153818175196648e-03
-7.786082569509744644e-03
1.022110939025878906e+00
-3.067814046517014503e-03
8.521123528480529785e-01
-3.061073366552591324e-03
3.111978759989142418e-03
3.195969620719552040e-03
1.373991847038269043e+00
8.213488459587097168e-01
3.050814848393201828e-03
-4.532684385776519775e-01
-3.010928165167570114e-03
8.759595155715942383e-01
2.926104664802551270e-01
-2.281249165534973145e-01
-5.589488148689270020e-01
3.010652028024196625e-03
2.031392604112625122e-01
-1.255978941917419434e-01
-2.081371545791625977e-01
3.078377842903137207e-01
-3.068099962547421455e-03
-2.357561886310577393e-01
-3.740199608728289604e-03
-5.745629779994487762e-03
-3.324476769194006920e-03
1.816812306642532349e-01
3.071436658501625061e-03
1.233686730265617371e-01
-3.221869235858321190e-03
8.096193671226501465e-01
-2.370023429393768311e-01
3.041486255824565887e-03
3.234901232644915581e-03
1.307152658700942993e-01
3.135657403618097305e-03
4.824722409248352051e-01
-7.961986064910888672e-01
-5.452938675880432129e-01
2.791462540626525879e-01
6.131893023848533630e-03
-3.126871772110462189e-03
-1.095447391271591187e-01
-1.504125475883483887e+00
4.665080457925796509e-03
1.877550721168518066e+00
-3.123750444501638412e-03
-3.170908428728580475e-03
-3.076145192608237267e-03
-3.071187064051628113e-03
-5.432638525962829590e-02
1.099965162575244904e-02
4.588661789894104004e-01
-5.818081498146057129e-01
-3.101124661043286324e-03
-6.127665191888809204e-02
3.126780269667506218e-03
-3.103329101577401161e-03
4.766830801963806152e-01
3.162352601066231728e-03
3.178480314090847969e-03
3.912530839443206787e-01
-4.332809448242187500e-01
4.540371298789978027e-01
-3.156211227178573608e-03
7.744413018226623535e-01
-3.122725756838917732e-03
-3.119706641882658005e-03
5.626430269330739975e-03
3.121204441413283348e-03
-3.058425383642315865e-03
8.635106682777404785e-01
3.150479169562458992e-03
-2.492405325174331665e-01
-3.051760140806436539e-03
7.802183926105499268e-02
3.166951937600970268e-03
3.094578161835670471e-03
-3.142139408737421036e-03
-3.825924098491668701e-01
3.079880727455019951e-03
4.252054691314697266e-01
5.152280926704406738e-01
5.334444642066955566e-01
3.235317766666412354e-03
3.195727244019508362e-03
-3.057789290323853493e-03
1.617846824228763580e-02
-3.079059422016143799e-01
9.348584711551666260e-02
4.309790674597024918e-03
3.052764572203159332e-03
3.070373320952057838e-03
-3.165798494592308998e-03
-1.604836136102676392e-01
-5.070401728153228760e-02
3.117609536275267601e-03
-7.751639932394027710e-02
-2.132710069417953491e-01
1.957950592041015625e-01
1.497604101896286011e-01
-3.936288952827453613e-01
-1.320542488247156143e-02
1.004415005445480347e-02
-3.083471907302737236e-03
5.572239756584167480e-01
1.011965632438659668e+00
-3.177109407261013985e-03
-7.147688269615173340e-01
-5.630516409873962402e-01
9.398802518844604492e-01
3.021854208782315254e-03
2.997709903866052628e-03
6.942406892776489258e-01
-3.106635995209217072e-03
3.868507146835327148e-01
-3.367684781551361084e-01
-5.014925599098205566e-01
-1.189779676496982574e-02
-3.154320176690816879e-03
-3.034576773643493652e-03
-4.362600389868021011e-03
1.943597197532653809e-02
3.117961343377828598e-03
3.015292342752218246e-03
-1.007545460015535355e-02
-3.059926675632596016e-03
-3.133209655061364174e-03
-1.196883171796798706e-01
3.142236964777112007e-03
9.097267389297485352e-01
3.093169536441564560e-03
-4.251363575458526611e-01
5.350543931126594543e-02
-3.530113697052001953e-01
-3.095263540744781494e-01
1.095092855393886566e-02
-3.094478547573089600e-01
-3.102450398728251457e-03
-3.072556573897600174e-03
-3.082045586779713631e-03
-3.012531669810414314e-03
3.094832645729184151e-03
-1.943597197532653809e-02
-1.943597197532653809e-02
1.097717229276895523e-02
-3.116616280749440193e-03
6.652745604515075684e-01
1.178553700447082520e-02
3.960616886615753174e-01
3.247083127498626709e-01
-3.087478224188089371e-03
-3.034168388694524765e-03
-2.422828525304794312e-01
-3.051477018743753433e-03
-2.056891620159149170e-01
3.217741847038269043e-03
-3.076988272368907928e-03
-1.176074072718620300e-01
4.706203341484069824e-01
-3.808639347553253174e-01
3.014609217643737793e-01
3.219060832634568214e-03
3.131442936137318611e-03
3.161997068673372269e-03
-3.110336838290095329e-03
5.592116713523864746e-01
-3.021623939275741577e-03
-3.138647414743900299e-03
