1.429907679557800293e-01
5.153937339782714844e-01
-1.857489161193370819e-02
-1.636897772550582886e-02
5.092604830861091614e-02
5.551683902740478516e-01
-3.199533224105834961e-01
-1.432139575481414795e-01
1.443108320236206055e+00
1.024861454963684082e+00
-1.837381906807422638e-02
-2.632180154323577881e-01
-1.091645002365112305e+00
-1.195361971855163574e+00
-1.991176456212997437e-01
-1.433252394199371338e-01
-8.074427247047424316e-01
-7.805388420820236206e-02
1.749224781990051270e+00
-3.885206878185272217e-01
-2.328364737331867218e-02
1.476688086986541748e-01
1.423465967178344727e+00
1.445361692458391190e-02
-1.375490799546241760e-02
-3.352681398391723633e-01
5.560554563999176025e-02
-9.112569093704223633e-01
-2.583023011684417725e-01
1.560344547033309937e-02
-2.217787504196166992e-02
1.765608973801136017e-02
1.013442516326904297e+00
-3.699900954961776733e-02
1.587045073509216309e+00
-1.030890122056007385e-01
-1.104211091995239258e+00
-1.139200329780578613e+00
-1.231905102729797363e+00
-1.672008819878101349e-02
-3.927399814128875732e-01
1.656703278422355652e-02
-3.592092096805572510e-01
-2.502015829086303711e-01
-8.834329843521118164e-01
-9.486139416694641113e-01
8.410037755966186523e-01
-4.655466675758361816e-01
-1.570609658956527710e-01
1.954263448715209961e-01
-6.043582558631896973e-01
1.277357786893844604e-01
2.151041664183139801e-02
7.661453485488891602e-01
-9.709376096725463867e-02
1.710297353565692902e-02
2.294898964464664459e-02
-1.343599855899810791e-01
-1.752054542303085327e-01
3.137329965829849243e-02
-1.780171506106853485e-02
1.455208539962768555e+00
1.452883053570985794e-02
2.927410975098609924e-02
3.798038884997367859e-02
2.108420372009277344e+00
-2.012140862643718719e-02
-3.256136924028396606e-02
-1.430453825742006302e-02
-1.989753544330596924e-01
-3.640829920768737793e-01
-4.861333966255187988e-01
2.068465575575828552e-02
1.177554503083229065e-01
-1.071912884712219238e+00
-1.916951686143875122e-01
-1.194426536560058594e+00
-3.913280740380287170e-02
3.182346820831298828e-01
-6.902945041656494141e-01
3.432599604129791260e-01
-2.053093723952770233e-02
6.339548826217651367e-01
-1.241310220211744308e-02
4.667595922946929932e-01
4.272403717041015625e-01
-1.876278780400753021e-02
-5.382619500160217285e-01
3.817165493965148926e-01
-2.129972130060195923e-01
-2.624578028917312622e-02
-3.537400364875793457e-01
-2.823715656995773315e-02
-1.485591679811477661e-01
-1.805644780397415161e-01
-8.117926716804504395e-01
1.216519832611083984e+00
-1.687167398631572723e-02
-4.175727963447570801e-01
-1.268407981842756271e-02
-1.865350127220153809e+00
-6.096798777580261230e-01
-3.760504424571990967e-01
6.833899021148681641e-01
2.619578242301940918e-01
1.398964878171682358e-02
2.230360954999923706e-01
-3.383004292845726013e-02
-3.451532125473022461e-01
-2.022565715014934540e-02
-9.582589864730834961e-01
-1.386533211916685104e-02
8.994945287704467773e-01
5.858146548271179199e-01
-2.471985295414924622e-02
1.359248995780944824e+00
-1.799502037465572357e-02
-7.915525436401367188e-01
3.404366672039031982e-01
-2.772117257118225098e-01
-5.369792878627777100e-02
3.742294311523437500e-01
7.605063915252685547e-01
-7.590405344963073730e-01
-2.656064741313457489e-02
5.242248773574829102e-01
1.172634243965148926e+00
8.985822796821594238e-01
-1.277172714471817017e-01
6.747419834136962891e-01
1.734968572854995728e-01
-1.196442127227783203e+00
1.081653013825416565e-01
-1.554694652557373047e+00
-4.642213284969329834e-01
-1.604340970516204834e-02
3.060936331748962402e-01
7.740743160247802734e-01
-1.175438761711120605e+00
-1.996290497481822968e-02
-1.185080409049987793e+00
-2.704818546772003174e-02
-5.651444792747497559e-01
5.376495718955993652e-01
-1.392169296741485596e-02
1.351691875606775284e-02
-5.231221914291381836e-01
-2.310264855623245239e-02
-5.562180876731872559e-01
8.908132910728454590e-01
-9.138609766960144043e-01
-6.113718152046203613e-01
-1.423087343573570251e-02
1.616573095321655273e+00
1.004284977912902832e+00
9.143981933593750000e-01
-1.390509866178035736e-02
1.340694911777973175e-02
-2.258603125810623169e-01
3.119608163833618164e-01
9.038222581148147583e-02
1.355259958654642105e-02
2.290694601833820343e-02
-2.031176537275314331e-02
6.600919365882873535e-02
4.516039490699768066e-01
9.495490193367004395e-01
-5.876196026802062988e-01
1.323393464088439941e+00
-2.679958939552307129e-01
6.174194216728210449e-01
-1.076348423957824707e+00
-8.656217902898788452e-02
5.709024667739868164e-01
-6.457032561302185059e-01
3.080279231071472168e-01
-1.257873177528381348e-01
-1.926407694816589355e+00
1.930599659681320190e-01
-4.995239377021789551e-01
3.837102353572845459e-01
-1.140145063400268555e+00
5.350393652915954590e-01
-6.725848913192749023e-01
-9.263726472854614258e-01
6.991744637489318848e-01
-1.372903585433959961e-01
-4.724365472793579102e-01
1.222722455859184265e-01
6.759025156497955322e-03
-2.274607568979263306e-01
1.788473129272460938e-01
5.449075624346733093e-02
1.534620206803083420e-02
-7.545915842056274414e-01
-6.292430758476257324e-01
2.017476037144660950e-02
-1.986511588096618652e+00
1.401603408157825470e-02
-5.185701251029968262e-01
-3.128736615180969238e-01
2.464380115270614624e-02
-2.462971396744251251e-02
-2.154070511460304260e-02
-6.909635663032531738e-02
1.035643219947814941e-01
6.896476149559020996e-01
-4.031493142247200012e-02
1.745111644268035889e-01
-1.155086040496826172e+00
6.077897548675537109e-01
-9.929879307746887207e-01
4.330269247293472290e-02
-3.284878730773925781e-01
2.263332158327102661e-01
5.984930992126464844e-01
2.098866105079650879e-01
3.907710313796997070e-02
1.163023591041564941e+00
1.355660408735275269e-01
3.555388748645782471e-02
3.188255131244659424e-01
-1.472654342651367188e-01
-8.026856184005737305e-02
-1.175567865371704102e+00
-1.259361114352941513e-02
2.063368558883666992e+00
2.040798217058181763e-01
-8.548285961151123047e-01
4.842337965965270996e-01
1.194608449935913086e+00
-4.238461256027221680e-01
-1.173452854156494141e+00
-5.780102610588073730e-01
-1.163933515548706055e+00
-4.703503847122192383e-01
-3.746957480907440186e-01
6.368103027343750000e-01
-4.775440990924835205e-01
-1.053581088781356812e-01
2.236554920673370361e-01
2.728470563888549805e-01
-7.880289554595947266e-01
-1.989770308136940002e-02
1.193077683448791504e+00
-1.112770318984985352e+00
-7.253056168556213379e-01
-1.164595723152160645e+00
2.624141611158847809e-02
7.477648854255676270e-01
-6.208157539367675781e-01
6.440002322196960449e-01
-6.315181255340576172e-01
1.923228800296783447e-02
-5.994690656661987305e-01
9.355961084365844727e-01
1.325351893901824951e-01
3.757054507732391357e-01
-1.897515654563903809e-01
1.610592007637023926e-02
-4.997581243515014648e-02
7.853911817073822021e-02
1.893840543925762177e-02
-2.957512252032756805e-02
1.421030331403017044e-02
-5.672253370285034180e-01
1.899242773652076721e-02
1.305830001831054688e+00
-7.912372052669525146e-02
9.803267121315002441e-01
2.631098926067352295e-01
1.305877685546875000e+00
4.937470257282257080e-01
-6.515300869941711426e-01
3.199144080281257629e-02
-5.796446204185485840e-01
6.131716966629028320e-01
4.032801464200019836e-02
4.459153711795806885e-01
-2.862171232700347900e-01
4.037326276302337646e-01
-8.663650155067443848e-01
5.349390581250190735e-02
2.524823248386383057e-01
-1.919157207012176514e-01
-1.848425157368183136e-02
1.363620519638061523e+00
-3.741839528083801270e-02
3.079164959490299225e-02
-4.278541207313537598e-01
-5.304043889045715332e-01
-1.572295725345611572e-01
1.162937954068183899e-01
-3.865437954664230347e-02
-9.664161503314971924e-02
1.557075828313827515e-01
9.150336980819702148e-01
5.196800231933593750e-01
-8.424894809722900391e-01
1.092175006866455078e+00
1.139430105686187744e-01
4.661505669355392456e-02
-5.702800154685974121e-01
3.436133265495300293e-01
-1.757942199707031250e+00
-3.204336389899253845e-02
5.472212433815002441e-01
7.903137207031250000e-01
4.087528288364410400e-01
6.585944890975952148e-01
1.344496011734008789e-02
-2.558679878711700439e-01
1.006171032786369324e-01
-1.000727891921997070e+00
-3.056126236915588379e-01
5.651589632034301758e-01
-3.854456245899200439e-01
-5.187476277351379395e-01
-1.293852776288986206e-01
1.857759475708007812e+00
-7.125899940729141235e-02
4.658239707350730896e-02
-3.476843237876892090e-01
-7.851362228393554688e-02
-7.719892263412475586e-02
2.243886515498161316e-02
1.112811416387557983e-01
2.612606585025787354e-01
2.173537202179431915e-02
5.677487850189208984e-01
-5.484215915203094482e-02
4.498114287853240967e-01
1.233305811882019043e+00
3.481019660830497742e-02
-1.378481648862361908e-02
-3.692819774150848389e-01
6.789099425077438354e-02
1.099600829184055328e-02
1.983121275901794434e+00
-7.290705107152462006e-03
3.551369905471801758e-01
1.158565402030944824e+00
-3.519122004508972168e-01
-7.902139425277709961e-02
6.531081199645996094e-01
4.097256958484649658e-01
-1.083224534988403320e+00
1.693711057305335999e-02
-5.616036057472229004e-02
3.736657798290252686e-01
1.967769488692283630e-02
-4.953679069876670837e-02
1.759832620620727539e+00
6.862533688545227051e-01
-5.109086632728576660e-01
-7.017852067947387695e-01
1.437249928712844849e-01
2.995732426643371582e-01
3.003159165382385254e-01
-1.642067134380340576e-01
6.331180334091186523e-01
-4.407356083393096924e-01
-2.887099087238311768e-01
-1.761353202164173126e-02
1.210062298923730850e-02
2.301865965127944946e-01
9.699352383613586426e-01
-3.453730344772338867e-01
-2.999983429908752441e-01
7.829737663269042969e-01
1.610082089900970459e-01
-1.358754001557826996e-02
1.379945874214172363e+00
-1.443956494331359863e-01
-3.397510200738906860e-02
1.587446689605712891e+00
-3.034211397171020508e-01
-6.448030471801757812e-02
-1.065573811531066895e+00
-3.897296637296676636e-02
-7.029134631156921387e-01
2.488872110843658447e-01
-8.559620380401611328e-02
-4.469617605209350586e-01
3.956185281276702881e-01
1.566869579255580902e-02
5.038471817970275879e-01
-1.063956975936889648e+00
6.127964332699775696e-02
6.181517839431762695e-01
4.183187186717987061e-01
-3.019674122333526611e-02
9.353186935186386108e-03
9.799706339836120605e-01
3.203388452529907227e-01
1.376365404576063156e-02
1.075581908226013184e+00
6.587964296340942383e-01
-5.292104482650756836e-01
2.689526975154876709e-01
-4.378664195537567139e-01
2.340262830257415771e-01
-1.247222542762756348e+00
-1.146834969520568848e+00
3.146373480558395386e-02
-3.650470376014709473e-01
-2.656248807907104492e-01
-4.687279462814331055e-01
-4.847679659724235535e-02
6.737475991249084473e-01
-1.773163199424743652e+00
6.421729177236557007e-02
-9.799991846084594727e-01
-3.905619978904724121e-01
-4.410414993762969971e-01
-2.074325270950794220e-02
-1.331363059580326080e-02
-1.312704849988222122e-02
-3.776079714298248291e-01
-1.659375429153442383e-02
-4.497138261795043945e-01
-4.328722506761550903e-02
-2.331908345222473145e-01
8.460114002227783203e-01
1.154516696929931641e+00
5.556002259254455566e-01
-2.636506035923957825e-02
7.914389967918395996e-01
1.551190614700317383e-01
5.720030665397644043e-01
1.102058291435241699e-01
2.544902265071868896e-01
-1.014102816581726074e+00
3.167962133884429932e-01
-9.255760908126831055e-02
6.366866230964660645e-01
5.922887921333312988e-01
-2.600141242146492004e-02
1.316580027341842651e-01
6.326032280921936035e-01
8.333094120025634766e-01
-3.286057412624359131e-01
-1.857236176729202271e-01
2.648037299513816833e-02
7.212068140506744385e-02
1.148939803242683411e-01
1.477428227663040161e-01
1.099071055650711060e-01
1.375181786715984344e-02
-1.709558844566345215e+00
6.639226675033569336e-01
-1.832654774188995361e-01
5.792152881622314453e-01
-3.452014923095703125e-01
7.414221763610839844e-02
9.438841938972473145e-01
-3.141811788082122803e-01
-2.073151618242263794e-01
1.311637554317712784e-02
6.435331702232360840e-01
1.804846525192260742e-01
7.742052078247070312e-01
3.367735147476196289e-01
-2.599865384399890900e-02
-1.868670701980590820e+00
1.443012237548828125e+00
-1.061505317687988281e+00
1.523062307387590408e-02
-5.832378864288330078e-01
-2.270480804145336151e-02
2.887142896652221680e-01
-2.243304997682571411e-01
-3.269658386707305908e-01
3.551636338233947754e-01
-6.492865085601806641e-02
5.947812199592590332e-01
-2.480227686464786530e-02
1.549516171216964722e-01
-1.233679533004760742e+00
-8.330296874046325684e-01
-7.690489292144775391e-01
-8.312050998210906982e-02
1.382488131523132324e+00
9.638517498970031738e-01
-1.034301638603210449e+00
-1.878286719322204590e+00
-1.561792939901351929e-01
4.129096865653991699e-02
2.559051513671875000e-01
1.366332918405532837e-01
-3.411937505006790161e-02
-2.256039716303348541e-02
1.695086434483528137e-02
8.402482867240905762e-01
-9.829816967248916626e-02
2.262342721223831177e-02
2.837615460157394409e-02
-4.872303605079650879e-01
-1.191199347376823425e-01
-6.550122499465942383e-01
3.600640594959259033e-01
1.600719690322875977e+00
-1.435677289962768555e+00
-1.265351027250289917e-01
-5.851127952337265015e-02
1.186557292938232422e+00
5.654366612434387207e-01
-8.486275672912597656e-01
-5.761253237724304199e-01
-9.611055850982666016e-01
-1.530595421791076660e+00
-1.948485493659973145e+00
-1.803538203239440918e-02
1.087145656347274780e-01
6.293914467096328735e-02
1.148616671562194824e+00
-1.839772984385490417e-02
-1.648325473070144653e-01
-6.694456934928894043e-02
-1.550557732582092285e+00
4.695872962474822998e-01
-1.395512670278549194e-01
1.052311658859252930e+00
5.423783883452415466e-02
-1.557183265686035156e+00
2.028531581163406372e-01
2.041871547698974609e-01
-2.558864951133728027e-01
-4.950294792652130127e-01
-4.993971437215805054e-02
2.964585423469543457e-01
-1.897034496068954468e-01
-9.199318289756774902e-01
2.390068620443344116e-01
9.781137704849243164e-01
1.196023941040039062e+00
-2.058907784521579742e-02
3.772606551647186279e-01
1.339866966009140015e-01
-2.291093915700912476e-01
-2.869483530521392822e-01
-6.608326435089111328e-01
2.700309157371520996e-01
1.537091191858053207e-02
9.670222401618957520e-01
1.819186687469482422e+00
-1.672542572021484375e+00
3.374695777893066406e-01
-4.084543511271476746e-02
-9.147392511367797852e-01
8.429114818572998047e-01
1.146990180015563965e+00
-5.080111622810363770e-01
1.321527481079101562e+00
4.754233658313751221e-01
-9.377200007438659668e-01
1.382196787744760513e-02
7.558074593544006348e-02
1.509384214878082275e-01
6.224161386489868164e-01
4.582315981388092041e-01
-1.862386241555213928e-02
-5.248678475618362427e-02
-2.337773442268371582e-01
2.256263345479965210e-01
-2.516742944717407227e-01
-1.229391932487487793e+00
-6.825483441352844238e-01
-1.238702330738306046e-02
8.414004445075988770e-01
-5.647159218788146973e-01
1.383633166551589966e-02
5.002398416399955750e-02
-4.649657011032104492e-01
-8.876062929630279541e-02
-1.631596922874450684e+00
-5.350394919514656067e-02
-2.841582521796226501e-02
-6.607904434204101562e-01
9.400331377983093262e-01
-8.687803149223327637e-02
-3.213335946202278137e-02
7.525130510330200195e-01
4.341328144073486328e-01
-3.060180693864822388e-02
-4.913106188178062439e-02
5.686430633068084717e-02
1.259270161390304565e-01
2.218464389443397522e-03
1.264557838439941406e-01
4.413587599992752075e-02
1.793699264526367188e-01
1.659048080444335938e+00
-1.715351790189743042e-01
1.657475978136062622e-01
9.809134155511856079e-02
1.326368190348148346e-02
1.289056181907653809e+00
-5.443687438964843750e-01
1.666431427001953125e-01
-1.024263262748718262e+00
-1.132401227951049805e+00
-2.340446040034294128e-02
-3.261062502861022949e-01
-2.215292751789093018e-01
-3.258795142173767090e-01
-1.155006766319274902e+00
-6.146287918090820312e-01
-3.540255129337310791e-02
2.614792883396148682e-01
-1.365938931703567505e-01
1.987284980714321136e-02
1.968423090875148773e-02
1.196570038795471191e+00
-1.296283006668090820e-01
5.600335001945495605e-01
-1.105408743023872375e-01
1.359942555427551270e-02
1.007304430007934570e+00
-2.473519593477249146e-01
-9.236165881156921387e-01
-1.028269886970520020e+00
-1.657162755727767944e-01
-1.241914033889770508e-01
-2.463295608758926392e-01
1.568872481584548950e-01
-7.582993060350418091e-02
-1.147625148296356201e-01
-1.419041395187377930e+00
-9.568995833396911621e-01
-1.044321432709693909e-01
3.610181212425231934e-01
1.880707442760467529e-01
-6.761815398931503296e-02
1.438546031713485718e-01
-6.065859794616699219e-01
1.698678731918334961e-01
-3.516819775104522705e-01
-3.917044028639793396e-02
1.152677774429321289e+00
1.844686120748519897e-01
4.955253601074218750e-01
1.390796434134244919e-02
-4.896138906478881836e-01
-4.945480078458786011e-02
-8.068708777427673340e-01
-1.428896468132734299e-02
-1.033998057246208191e-01
-8.139552921056747437e-02
-1.457451470196247101e-02
-1.302569031715393066e+00
3.538933768868446350e-02
5.195806026458740234e-01
2.886726558208465576e-01
5.358098149299621582e-01
-1.494688540697097778e-02
1.885232515633106232e-02
3.509795665740966797e-01
-1.556046158075332642e-01
4.063031077384948730e-01
-1.303349852561950684e+00
-4.468073546886444092e-01
6.052301526069641113e-01
4.482619464397430420e-01
4.887069761753082275e-01
2.633741796016693115e-01
-1.973180174827575684e-01
4.516599699854850769e-02
1.352784186601638794e-01
-2.070520371198654175e-01
-5.246055126190185547e-02
2.579155266284942627e-01
-8.862495422363281250e-01
1.025548577308654785e+00
-1.309453696012496948e-01
-2.192728519439697266e-01
-2.842150926589965820e-01
4.508321285247802734e-01
6.529317498207092285e-01
1.544179320335388184e-01
-4.189502596855163574e-01
4.795162379741668701e-01
9.880917072296142578e-01
-4.844250530004501343e-02
1.232268691062927246e+00
-8.043117523193359375e-01
1.089581251144409180e+00
-1.557761617004871368e-02
1.131904348731040955e-01
-4.193710982799530029e-01
-1.462200097739696503e-02
2.689226865768432617e-01
1.677168346941471100e-02
-6.972805410623550415e-02
-4.466042518615722656e-01
-4.537093043327331543e-01
3.079731389880180359e-02
-1.335475128144025803e-02
1.287817656993865967e-01
8.635532259941101074e-01
-3.937447071075439453e-01
-4.231090843677520752e-01
1.516787707805633545e-02
4.535149037837982178e-01
-1.623156309127807617e+00
-1.182454898953437805e-01
3.249897807836532593e-02
1.021660208702087402e+00
9.229359626770019531e-01
-1.509301960468292236e-01
1.361395604908466339e-02
2.327197641134262085e-01
-4.089468717575073242e-01
1.918168962001800537e-01
-3.409931957721710205e-01
9.834941029548645020e-01
-1.494023296982049942e-02
2.187512628734111786e-02
1.077464148402214050e-01
3.997444510459899902e-01
-6.369700431823730469e-01
-5.010774135589599609e-01
-1.753414124250411987e-01
1.144730687141418457e+00
-6.852241754531860352e-01
1.197512626647949219e+00
6.726834774017333984e-01
-4.296718835830688477e-01
-3.349563777446746826e-01
-6.654026508331298828e-01
-1.274271029978990555e-02
-7.854178547859191895e-01
-4.118265956640243530e-02
-6.093232631683349609e-01
2.738781273365020752e-02
3.498200178146362305e-01
-3.543139994144439697e-02
-2.675565481185913086e-01
-1.207100749015808105e+00
-8.315248489379882812e-01
2.226619049906730652e-02
1.439027339220046997e-01
-6.249257922172546387e-01
-6.482342630624771118e-02
-2.823352515697479248e-01
1.163337230682373047e+00
4.090287089347839355e-01
1.129463076591491699e+00
7.163190245628356934e-01
-7.416169047355651855e-01
2.783750295639038086e-01
-5.227025151252746582e-01
-6.015005111694335938e-01
-2.523290812969207764e-01
5.111876130104064941e-01
-2.378609217703342438e-02
-4.392456114292144775e-01
2.717022001743316650e-01
1.287724822759628296e-02
-1.970335990190505981e-01
-2.960932441055774689e-02
4.412797391414642334e-01
-1.884157419204711914e+00
8.894250988960266113e-01
5.550908446311950684e-01
1.841326057910919189e-01
7.205031812191009521e-02
-1.740987896919250488e-01
-7.289848923683166504e-01
-6.045685410499572754e-01
-1.195148944854736328e+00
1.852031052112579346e-02
3.452500104904174805e-01
6.854485273361206055e-01
-1.494850963354110718e-01
-1.591648161411285400e-02
1.761033684015274048e-01
-1.612647175788879395e-01
2.670540213584899902e-01
4.073520004749298096e-01
3.718211129307746887e-02
2.154623717069625854e-01
-2.361765503883361816e-02
-1.249045431613922119e-01
-1.979314386844635010e-01
-6.926229000091552734e-01
-3.159581720829010010e-01
1.724343188107013702e-02
-1.060707792639732361e-01
-1.561993360519409180e-01
4.276204705238342285e-01
-6.755326986312866211e-01
1.808301508426666260e-01
-2.502124905586242676e-01
-8.442133665084838867e-02
2.109938114881515503e-02
2.497878670692443848e-01
6.839210391044616699e-01
-9.769445657730102539e-01
-3.283551037311553955e-01
1.529084146022796631e-02
-9.853032827377319336e-01
2.749007344245910645e-01
5.144937634468078613e-01
6.230545416474342346e-02
-1.575114369392395020e+00
-6.433041691780090332e-01
-1.835070967674255371e+00
9.576805830001831055e-01
2.071214318275451660e-01
-5.398356914520263672e-01
-7.855895906686782837e-02
-5.458060503005981445e-01
1.320781111717224121e-01
-5.342690944671630859e-01
2.510373592376708984e-01
5.311839580535888672e-01
-1.283901929855346680e+00
-4.614175260066986084e-01
-2.462709136307239532e-02
-4.956064820289611816e-01
-8.552871942520141602e-01
1.128017067909240723e+00
6.644223928451538086e-01
2.865430712699890137e-02
-2.662963271141052246e-01
-1.360738396644592285e+00
-7.514559030532836914e-01
6.588531732559204102e-01
7.337696552276611328e-01
3.740216046571731567e-02
8.331034779548645020e-01
-3.849630802869796753e-02
1.254717826843261719e+00
-1.145374923944473267e-01
6.166234016418457031e-01
-3.626297414302825928e-02
-2.342586405575275421e-02
1.218708828091621399e-01
2.635018713772296906e-02
9.168185591697692871e-01
-6.127015352249145508e-01
-7.431447505950927734e-03
3.252602219581604004e-01
1.192952990531921387e+00
7.647682428359985352e-01
1.189049035310745239e-01
3.906511887907981873e-02
-1.743640899658203125e-01
3.102132380008697510e-01
1.270095258951187134e-02
3.356758058071136475e-01
-1.016187787055969238e+00
2.796285748481750488e-01
1.228666067123413086e+00
-9.091153740882873535e-01
-3.361610695719718933e-02
7.125872373580932617e-01
-7.811221480369567871e-01
-4.140572547912597656e-01
7.512210011482238770e-01
1.601876169443130493e-01
1.579434633255004883e+00
1.738836765289306641e-01
5.039312317967414856e-02
1.095939755439758301e+00
-2.929336130619049072e-01
-8.478382229804992676e-02
5.469734668731689453e-01
1.228788614273071289e+00
-5.826382040977478027e-01
-1.206261157989501953e+00
2.484212815761566162e-02
9.934536814689636230e-01
-2.942520081996917725e-01
1.909862458705902100e-01
-1.228968620300292969e+00
2.776011228561401367e-01
-8.378819227218627930e-01
4.309136793017387390e-02
1.498289592564105988e-02
-1.682503223419189453e+00
8.000791817903518677e-02
2.366808801889419556e-02
6.760492920875549316e-02
1.343735028058290482e-02
-4.703786671161651611e-01
-9.933956265449523926e-01
2.246868424117565155e-02
3.364293575286865234e-01
1.558367349207401276e-02
-2.440175972878932953e-02
-1.978023909032344818e-02
-1.354989875108003616e-02
-3.234389796853065491e-02
-8.727829158306121826e-02
1.621169783174991608e-02
1.000882014632225037e-01
4.944980740547180176e-01
2.701395191252231598e-02
5.761986374855041504e-01
-1.670836329460144043e+00
3.952436149120330811e-01
-9.966480135917663574e-01
-1.413899362087249756e-01
2.654688805341720581e-02
-2.742505073547363281e-01
-2.968324422836303711e-01
-6.470904946327209473e-01
-2.246898040175437927e-02
1.220234036445617676e+00
-1.560766249895095825e-01
-2.264888733625411987e-01
1.241211533546447754e+00
4.197462797164916992e-01
2.857016921043395996e-01
-8.632929325103759766e-01
-5.119053721427917480e-01
1.821195781230926514e-01
-1.029871627688407898e-01
9.790347218513488770e-01
2.125606685876846313e-01
2.078494988381862640e-02
3.741909563541412354e-02
1.776540398597717285e+00
-1.802034378051757812e-01
-2.118355780839920044e-02
-2.612713165581226349e-02
3.656885027885437012e-01
3.955998271703720093e-02
6.905069947242736816e-01
5.825201869010925293e-01
1.868779398500919342e-02
-1.839807182550430298e-01
-5.433129519224166870e-02
3.442687988281250000e-01
9.708043187856674194e-02
3.117877244949340820e-02
-3.115268349647521973e-01
8.028103709220886230e-01
-2.986815571784973145e-02
-4.124730080366134644e-02
-1.429227553308010101e-02
-1.428355835378170013e-02
-4.110157191753387451e-01
-4.989296570420265198e-02
-3.724353015422821045e-01
-1.602182835340499878e-01
-6.291146278381347656e-01
-1.521001577377319336e+00
2.579026520252227783e-01
-4.494470655918121338e-01
1.503089442849159241e-02
-2.840306460857391357e-01
-3.267138451337814331e-02
-2.701863646507263184e-01
-6.756454110145568848e-01
-5.198685079813003540e-02
-2.873032093048095703e-01
3.537053167819976807e-01
3.001761138439178467e-01
-1.698088273406028748e-02
1.676298379898071289e-01
-1.284443140029907227e-01
1.579435944557189941e+00
-2.110334858298301697e-02
2.430332079529762268e-02
7.611255645751953125e-01
-8.634576201438903809e-01
-8.606743067502975464e-03
1.042348504066467285e+00
-2.867597639560699463e-01
2.581687271595001221e-02
-6.110466718673706055e-01
1.610213816165924072e-01
-8.360466957092285156e-01
9.087754487991333008e-01
-4.434100091457366943e-01
-4.535264074802398682e-01
8.576638996601104736e-02
5.240614339709281921e-02
-1.502159237861633301e+00
1.752938628196716309e+00
-4.158926755189895630e-02
1.227286696434020996e+00
2.474907413125038147e-02
2.366547472774982452e-02
-1.307422295212745667e-02
-4.626614600419998169e-02
3.876384794712066650e-01
-1.247940883040428162e-01
-4.008161127567291260e-01
-1.337883714586496353e-02
-1.258021593093872070e-01
-6.230881810188293457e-02
5.873438715934753418e-01
1.270557522773742676e+00
-1.660901121795177460e-02
6.431581974029541016e-01
-7.018739581108093262e-01
3.543001040816307068e-02
6.353317201137542725e-02
-3.131128847599029541e-01
3.158795461058616638e-02
2.372292615473270416e-02
-9.880184531211853027e-01
-6.254081726074218750e-01
-8.098403923213481903e-03
6.094343066215515137e-01
2.511160261929035187e-02
2.537347078323364258e-01
-1.848309755325317383e+00
-2.256351262331008911e-01
1.473663300275802612e-01
1.533239334821701050e-02
-3.944672942161560059e-01
4.026138782501220703e-02
6.641067862510681152e-01
-1.741797104477882385e-02
-1.115883946418762207e+00
-8.265044093132019043e-01
-7.216165214776992798e-02
-1.155342012643814087e-01
-9.845179319381713867e-02
-1.745234280824661255e-01
-2.848197333514690399e-02
-1.039664298295974731e-01
-7.934532165527343750e-01
7.031430602073669434e-01
-5.144954323768615723e-01
-2.050781548023223877e-01
6.336671710014343262e-01
3.035512566566467285e-02
1.889334172010421753e-01
-4.247652292251586914e-01
-3.309548273682594299e-02
9.452770948410034180e-01
-2.646872699260711670e-01
-8.564484715461730957e-01
2.539653480052947998e-01
-1.420527137815952301e-02
-1.182750463485717773e+00
1.352598331868648529e-02
5.239301323890686035e-01
-1.703832894563674927e-01
2.163882851600646973e-01
3.950510025024414062e-01
-5.212928354740142822e-02
8.813407421112060547e-01
1.186243370175361633e-01
2.523290216922760010e-01
-1.336505115032196045e-01
-1.252659320831298828e+00
-5.762718915939331055e-01
-2.925832271575927734e-01
4.458397030830383301e-01
6.561718136072158813e-02
8.501526713371276855e-01
1.472525894641876221e-01
9.963875412940979004e-01
2.798604369163513184e-01
9.562798589468002319e-02
1.247526239603757858e-02
1.353973615914583206e-02
1.624339222908020020e-01
6.423749327659606934e-01
6.287932991981506348e-01
3.171503916382789612e-02
-6.779181957244873047e-01
-1.361203007400035858e-02
3.042411804199218750e-01
7.489008307456970215e-01
1.895594038069248199e-02
6.573385596275329590e-01
4.149642586708068848e-02
4.354370534420013428e-01
2.551522850990295410e-01
-1.877084374427795410e-02
-1.465137600898742676e-01
1.530240774154663086e+00
-3.688979148864746094e-01
2.532853186130523682e-01
1.782612800598144531e-01
-3.353343605995178223e-01
6.759796291589736938e-02
-4.582153260707855225e-01
-1.383083164691925049e-01
-6.343440413475036621e-01
-1.551795005798339844e-02
-1.227612495422363281e+00
2.368229478597640991e-01
4.711530804634094238e-01
5.136325955390930176e-01
2.695758938789367676e-01
-8.160278201103210449e-02
-6.199156045913696289e-01
1.565776020288467407e-02
-8.566116690635681152e-01
1.773143261671066284e-01
-1.319416761398315430e-01
-9.125952720642089844e-01
4.164382517337799072e-01
-1.267686724662780762e+00
-2.052086144685745239e-01
-4.825379550457000732e-01
1.355360299348831177e-01
2.145791649818420410e-01
-4.212307929992675781e-01
-9.255675226449966431e-02
2.237613312900066376e-02
-1.415440998971462250e-02
-1.348002161830663681e-02
3.051740825176239014e-01
1.085163503885269165e-01
-1.617339067161083221e-02
-1.456064172089099884e-02
4.233901202678680420e-02
-1.955540664494037628e-02
4.785067439079284668e-01
-1.644027233123779297e-01
-1.248261183500289917e-01
3.049354441463947296e-02
-8.355366587638854980e-01
9.378530979156494141e-01
-2.616587877273559570e-01
2.640379071235656738e-01
2.454845011234283447e-01
4.775825738906860352e-01
4.984075203537940979e-02
3.321094810962677002e-02
2.644979581236839294e-02
-2.183308154344558716e-01
1.301751136779785156e-01
-2.831146307289600372e-02
-3.958728536963462830e-02
-1.053344532847404480e-01
-6.098675131797790527e-01
1.346134487539529800e-02
-5.460608601570129395e-01
8.395546674728393555e-01
-8.570984005928039551e-01
-7.219715714454650879e-01
8.105309009552001953e-01
6.139171719551086426e-01
4.237049221992492676e-01
1.554521471261978149e-01
-1.362397335469722748e-02
-1.836498640477657318e-02
-3.979162275791168213e-01
1.323381066322326660e+00
-7.560323476791381836e-01
-1.554470807313919067e-01
1.280965209007263184e+00
-6.154238805174827576e-02
8.342455029487609863e-01
-1.796531863510608673e-02
8.432276248931884766e-01
-3.015406727790832520e-01
-1.044278979301452637e+00
1.688317582011222839e-02
1.745665073394775391e-01
-3.642638921737670898e-01
-6.772145628929138184e-02
-8.150696009397506714e-02
-4.497954249382019043e-01
-3.003490529954433441e-02
-9.132342934608459473e-01
-2.763726115226745605e-01
-6.456450819969177246e-01
-2.084367536008358002e-02
-4.210469126701354980e-01
2.262227535247802734e-01
9.061954170465469360e-02
7.462487369775772095e-02
-3.208766132593154907e-02
-6.893071532249450684e-02
7.826902866363525391e-01
9.309605956077575684e-01
3.062459826469421387e-02
1.712440252304077148e-01
-3.224383592605590820e-01
-2.691271342337131500e-02
-1.471973508596420288e-01
-5.269316434860229492e-01
1.416601300239562988e+00
1.579906605184078217e-02
-1.085103392601013184e+00
4.069316089153289795e-01
-1.323789078742265701e-02
-2.474342286586761475e-02
1.328996568918228149e-02
-1.486483335494995117e+00
-4.845120608806610107e-01
-4.841911792755126953e-01
1.182960197329521179e-01
-4.198441803455352783e-01
5.605818331241607666e-02
6.335650682449340820e-01
1.137189008295536041e-02
-3.710816800594329834e-01
-1.109411716461181641e+00
1.485088188201189041e-02
2.049718424677848816e-02
-1.449117437005043030e-02
-2.913692891597747803e-01
-1.184588447213172913e-01
5.017982423305511475e-02
-1.766731031239032745e-02
1.049512624740600586e+00
3.048228323459625244e-01
3.842748403549194336e-01
3.030458465218544006e-02
-1.782539859414100647e-02
-6.319883465766906738e-01
-2.698132097721099854e-01
3.148291260004043579e-02
1.175079718232154846e-01
2.809115648269653320e-01
6.758987903594970703e-01
2.812940776348114014e-01
-3.128991425037384033e-01
-1.125573646277189255e-02
-2.132710814476013184e-01
-1.825600117444992065e-01
-6.631562709808349609e-01
6.515817046165466309e-01
-1.782215945422649384e-02
2.665526792407035828e-02
-8.330080509185791016e-01
-2.777188122272491455e-01
5.129026770591735840e-01
1.065233126282691956e-01
-2.294846624135971069e-02
-9.329252243041992188e-01
4.041408002376556396e-01
4.322478175163269043e-02
1.576892137527465820e-01
-1.419486701488494873e-01
-5.399541929364204407e-02
6.948778629302978516e-01
9.794918894767761230e-01
1.617919355630874634e-01
6.541195511817932129e-01
1.861906796693801880e-02
2.109506726264953613e-01
6.501731276512145996e-01
1.156921088695526123e-01
3.344421088695526123e-02
-5.174779146909713745e-02
-1.099369883537292480e+00
7.174704074859619141e-01
-2.460249662399291992e-01
6.717505455017089844e-01
6.451934576034545898e-02
-1.079697728157043457e+00
6.704241037368774414e-02
2.105330862104892731e-02
6.673724651336669922e-01
3.433933854103088379e-02
2.191804647445678711e-01
3.585214018821716309e-01
4.488672316074371338e-01
-1.227743148803710938e+00
-7.813336849212646484e-01
-1.836879104375839233e-01
-1.590151041746139526e-01
1.395376771688461304e-01
7.558100670576095581e-02
-1.053951606154441833e-01
-6.476740241050720215e-01
-2.885479629039764404e-01
-1.304106473922729492e+00
2.678037881851196289e-01
-2.545490860939025879e-01
-1.264051556587219238e+00
1.403321921825408936e-01
1.888137757778167725e-01
6.669753789901733398e-02
1.262644767761230469e+00
1.570307463407516479e-01
3.487776592373847961e-02
2.337430603802204132e-02
1.500300765037536621e-01
3.597191274166107178e-01
-1.589700765907764435e-02
-2.645033895969390869e-01
-1.247877031564712524e-01
1.960909366607666016e-01
3.210292384028434753e-02
2.758049368858337402e-01
6.623651385307312012e-01
-5.506612062454223633e-01
-5.621480941772460938e-01
2.219777405261993408e-01
3.327091038227081299e-02
2.612941153347492218e-02
1.628498733043670654e-02
-7.373057603836059570e-01
-1.990063786506652832e-01
2.328040264546871185e-02
-2.642167732119560242e-02
9.522272348403930664e-01
7.027136087417602539e-01
-9.954409003257751465e-01
-4.638947248458862305e-01
1.464545875787734985e-01
5.322583019733428955e-02
-3.298373222351074219e-01
2.487064599990844727e-01
8.246759325265884399e-02
-2.323137521743774414e-01
-1.848285794258117676e-01
-8.916884064674377441e-01
1.574553847312927246e+00
-6.915077567100524902e-01
1.620617389678955078e+00
-1.286332130432128906e+00
1.815162003040313721e-01
1.661023497581481934e-02
-3.064499795436859131e-01
1.094714522361755371e+00
-1.130479931831359863e+00
-2.974497713148593903e-02
5.141597241163253784e-02
1.589037656784057617e+00
1.327782422304153442e-01
3.011392652988433838e-01
1.433913782238960266e-02
-1.818880252540111542e-02
-1.472268223762512207e+00
1.541853249073028564e-01
-1.081274151802062988e+00
-5.513218790292739868e-02
-2.448657006025314331e-01
-1.768139302730560303e-01
-4.229391217231750488e-01
2.202327735722064972e-02
-2.348641753196716309e-01
-3.905695676803588867e-02
2.643085643649101257e-02
-2.832343615591526031e-02
1.455616764724254608e-02
-2.169192209839820862e-02
1.657784879207611084e-01
7.303875684738159180e-01
-1.147582456469535828e-01
5.230917334556579590e-01
-3.770674392580986023e-02
-8.564716577529907227e-01
-5.776596069335937500e-01
8.790379762649536133e-02
7.677749395370483398e-01
4.985368549823760986e-01
8.057289719581604004e-01
1.535781264305114746e+00
-1.404016092419624329e-02
2.974523603916168213e-02
1.254112958908081055e+00
-6.879479289054870605e-01
-1.340000145137310028e-02
-7.554842233657836914e-01
-7.258532643318176270e-01
-6.503583192825317383e-01
3.286078870296478271e-01
-9.171392321586608887e-01
-6.999864578247070312e-01
3.852559924125671387e-01
2.036717534065246582e-01
1.743111014366149902e-02
2.599524557590484619e-01
-4.874581471085548401e-02
3.856470808386802673e-02
-6.860764026641845703e-01
3.603801131248474121e-02
5.297165513038635254e-01
-1.793789863586425781e-01
-7.476211339235305786e-02
-2.162428013980388641e-02
3.046411275863647461e-01
5.885481834411621094e-01
-2.405291795730590820e-01
1.967734336853027344e+00
-1.098400726914405823e-01
1.786202490329742432e-01
2.867520973086357117e-02
1.221670627593994141e+00
6.356340050697326660e-01
-1.351905427873134613e-02
4.903827011585235596e-01
4.812216758728027344e-01
-7.841576337814331055e-01
-1.529402583837509155e-01
-1.384023856371641159e-02
-1.700866036117076874e-02
-1.007263362407684326e-01
1.144820928573608398e+00
-9.593898653984069824e-01
1.145806908607482910e+00
2.080572582781314850e-02
-1.540544815361499786e-02
-1.836267560720443726e-01
1.585693284869194031e-02
1.928148269653320312e-01
-2.278250753879547119e-01
-9.927267432212829590e-01
1.344874143600463867e+00
-8.158177137374877930e-02
4.388085901737213135e-01
-1.772939562797546387e-01
-3.876782655715942383e-01
3.500035405158996582e-01
-5.798329040408134460e-02
7.224682569503784180e-01
1.491181552410125732e-01
3.611244261264801025e-02
4.388795495033264160e-01
-8.715251088142395020e-01
7.997465729713439941e-01
1.438141148537397385e-02
7.990298867225646973e-01
1.018222570419311523e+00
2.109621278941631317e-02
4.963506758213043213e-01
1.363490104675292969e+00
2.204812131822109222e-02
-6.665496230125427246e-01
-1.527880430221557617e+00
3.237454891204833984e-01
2.864871546626091003e-02
-2.420014888048171997e-01
-4.511206224560737610e-02
-4.988356307148933411e-02
7.941805720329284668e-01
-1.393726095557212830e-02
1.285729169845581055e+00
-5.070972442626953125e-01
3.377241194248199463e-01
1.154028296470642090e+00
-2.171186208724975586e-01
-1.398489903658628464e-02
2.344258129596710205e-02
-4.650090932846069336e-01
8.458079099655151367e-01
-4.172446727752685547e-01
-8.123496174812316895e-01
2.498458474874496460e-01
-1.388629436492919922e+00
2.002353906631469727e+00
-8.574662208557128906e-01
8.015732169151306152e-01
-3.509041294455528259e-02
-2.359612137079238892e-01
-3.198682069778442383e-01
-5.705295205116271973e-01
2.888962440192699432e-02
-3.629760742187500000e-01
-2.106548286974430084e-02
7.984144687652587891e-01
3.285329788923263550e-02
-1.904267258942127228e-02
2.294895239174365997e-02
-2.197354137897491455e-01
3.345393240451812744e-01
8.631246089935302734e-01
2.575278282165527344e-01
-6.408163905143737793e-01
7.452195882797241211e-01
-2.300813421607017517e-02
-1.469181850552558899e-02
7.921226024627685547e-01
2.200648635625839233e-01
2.406702041625976562e+00
-1.125692963600158691e+00
-6.866453289985656738e-01
1.422182321548461914e-01
5.640700459480285645e-01
-2.980901300907135010e-01
-1.450554490089416504e+00
-1.375568751245737076e-02
-1.618520729243755341e-02
-1.568219810724258423e-01
-1.207572370767593384e-01
1.305370405316352844e-02
3.902569413185119629e-02
2.401903122663497925e-01
3.172861784696578979e-02
1.317123293876647949e+00
-4.365441799163818359e-01
5.399487018585205078e-01
4.807607829570770264e-01
-2.518971860408782959e-01
5.063997507095336914e-01
-7.734632492065429688e-01
-9.116929955780506134e-03
1.061997056007385254e+00
-6.849693059921264648e-01
-1.482980232685804367e-02
7.359819859266281128e-02
-1.271629184484481812e-01
-6.793457269668579102e-01
-9.252892732620239258e-01
1.691773720085620880e-02
1.601890474557876587e-02
-8.493768572807312012e-01
7.336800098419189453e-01
-2.811509668827056885e-01
-3.350831866264343262e-01
2.546488940715789795e-01
-7.769049406051635742e-01
-1.396301835775375366e-01
-1.794021204113960266e-02
-1.515618205070495605e+00
4.576145112514495850e-01
-5.013332366943359375e-01
8.134664893150329590e-01
7.814763188362121582e-01
-3.954448103904724121e-01
7.619373798370361328e-01
1.375574022531509399e-01
1.178212091326713562e-01
-7.825546860694885254e-01
-1.314902305603027344e+00
1.617373377084732056e-01
4.462951123714447021e-01
-2.615708708763122559e-01
-5.100581645965576172e-01
-8.547572493553161621e-01
-4.419620037078857422e-01
-2.319450229406356812e-01
4.793875813484191895e-01
-3.881178796291351318e-01
-2.744338661432266235e-02
-5.420994162559509277e-01
3.637324571609497070e-01
-1.020509600639343262e+00
7.261702418327331543e-01
-1.570713669061660767e-01
7.319319993257522583e-02
4.636916816234588623e-01
-1.837667822837829590e-02
-1.747820377349853516e-01
-2.931238710880279541e-01
8.881147503852844238e-01
3.199613988399505615e-01
-3.281669616699218750e-01
7.278469204902648926e-01
-1.777525782585144043e+00
-1.300957500934600830e-01
-1.186838094145059586e-02
1.084012240171432495e-01
-1.582574695348739624e-01
-3.641017973423004150e-01
5.726078525185585022e-02
-1.807367987930774689e-02
7.530674338340759277e-02
-5.968391299247741699e-01
-1.920611411333084106e-01
9.931842237710952759e-02
-1.359688397496938705e-02
1.251946240663528442e-01
-5.863071680068969727e-01
4.045069217681884766e-02
1.507908385246992111e-02
-1.437613554298877716e-02
1.072788238525390625e-01
1.174374818801879883e+00
-6.127118468284606934e-01
6.816619634628295898e-01
-5.209726095199584961e-01
2.971766293048858643e-01
-6.104842424392700195e-01
-6.382981538772583008e-01
-1.123773574829101562e+00
-4.123103022575378418e-01
3.199105262756347656e-01
1.164574265480041504e+00
2.275927513837814331e-01
-1.904685258865356445e+00
-4.123423993587493896e-01
-6.654714047908782959e-02
-1.103669524192810059e+00
-2.068967074155807495e-01
6.396490931510925293e-01
7.628313899040222168e-01
2.165290340781211853e-02
-2.292691171169281006e-01
-1.046684384346008301e+00
1.754648536443710327e-01
-4.858011305332183838e-01
4.823105037212371826e-01
1.412029378116130829e-02
-5.981131196022033691e-01
-9.010880254209041595e-03
-1.595159433782100677e-02
1.218013986945152283e-01
7.762494087219238281e-01
-2.005993202328681946e-02
-1.268678069114685059e+00
-1.443495392799377441e+00
1.536337018013000488e+00
-1.680319197475910187e-02
3.338684737682342529e-01
5.219194889068603516e-01
-5.200328826904296875e-01
-1.017625257372856140e-01
-8.781660795211791992e-01
1.343347728252410889e-01
2.790009081363677979e-01
-1.978836417198181152e+00
2.200935482978820801e-01
-6.455928087234497070e-01
-9.217492938041687012e-01
-3.757264837622642517e-02
-1.545560359954833984e+00
-2.123899571597576141e-02
1.928493678569793701e-01
5.362087488174438477e-02
-1.827332936227321625e-02
3.289788067340850830e-01
-3.550524711608886719e-01
-5.994745492935180664e-01
-5.954404473304748535e-01
2.039336226880550385e-02
-1.770222663879394531e+00
6.451969146728515625e-01
-1.198569655418395996e+00
9.366029500961303711e-02
-7.624669671058654785e-01
4.527420401573181152e-01
1.241662979125976562e+00
-6.097653508186340332e-01
-2.513922937214374542e-02
5.920000374317169189e-02
-5.200037956237792969e-01
1.948850899934768677e-01
-1.101893544197082520e+00
-1.311615109443664551e+00
-2.757956981658935547e-01
2.704929709434509277e-01
1.387885119765996933e-02
1.416140794754028320e-02
-1.031129837036132812e+00
-1.512726768851280212e-02
-1.034739539027214050e-01
-1.638590171933174133e-02
-1.199543237686157227e+00
-2.783305943012237549e-01
2.871802747249603271e-01
1.093752503395080566e+00
1.251929759979248047e+00
2.211287058889865875e-02
3.388438224792480469e-01
-2.124305516481399536e-01
-9.983798861503601074e-02
-1.856638863682746887e-02
6.672650575637817383e-01
-7.838258892297744751e-02
-6.502660363912582397e-02
1.921344041824340820e+00
2.137085795402526855e-01
3.187566101551055908e-01
-1.080905571579933167e-01
8.814960718154907227e-01
1.408637408167123795e-02
-2.924834787845611572e-01
6.152727603912353516e-01
-1.066799044609069824e+00
1.391616225242614746e+00
1.275675371289253235e-02
3.029052615165710449e-01
-9.125006198883056641e-01
-2.749941125512123108e-02
7.956359535455703735e-02
9.122163057327270508e-02
1.735542528331279755e-02
-1.162085868418216705e-02
7.656969130039215088e-02
7.443875074386596680e-02
-1.935395896434783936e-01
6.381148099899291992e-01
-1.183734163641929626e-01
1.194598078727722168e+00
-2.409418821334838867e-01
1.148337423801422119e-01
9.602263569831848145e-01
-7.402274608612060547e-01
-3.834079578518867493e-02
1.462014168500900269e-01
2.443213164806365967e-01
-6.085199117660522461e-01
7.673066854476928711e-02
-1.435548998415470123e-02
3.756357133388519287e-01
-4.412364065647125244e-01
-3.895559906959533691e-01
1.460367720574140549e-02
2.440230250358581543e-01
-2.860829420387744904e-02
1.642013341188430786e-02
-2.417746633291244507e-01
2.524523138999938965e-01
-2.297906279563903809e-01
-9.314395785331726074e-01
-8.067567944526672363e-01
1.107965968549251556e-02
-1.662042178213596344e-02
-5.072420239448547363e-01
-7.503465563058853149e-02
-5.074247717857360840e-01
9.544456601142883301e-01
-5.929843336343765259e-02
7.804806828498840332e-01
3.333386033773422241e-02
4.774110317230224609e-01
2.824693918228149414e-01
5.530996248126029968e-02
3.019427359104156494e-01
1.567727208137512207e+00
1.062022209167480469e+00
-4.261373281478881836e-01
6.333648562431335449e-01
1.720786839723587036e-01
1.100446060299873352e-01
-2.930807471275329590e-01
-1.042396783828735352e+00
-4.752268195152282715e-01
9.578441977500915527e-01
-1.025525093078613281e+00
-1.267310325056314468e-02
-2.286543697118759155e-02
1.467819977551698685e-02
1.658144593238830566e-01
-3.708207905292510986e-01
1.436691522598266602e+00
-4.027744829654693604e-01
6.609049439430236816e-01
-1.400387939065694809e-02
-6.077929958701133728e-02
-1.231051564216613770e+00
5.611294880509376526e-02
-8.381672501564025879e-01
-3.869038224220275879e-01
1.781662404537200928e-01
-1.311918050050735474e-01
1.584636233747005463e-02
1.232428550720214844e+00
9.985162317752838135e-02
4.695365950465202332e-02
8.186608552932739258e-01
7.376372218132019043e-01
4.558128118515014648e-01
7.204350829124450684e-02
-1.778282411396503448e-02
5.846301913261413574e-01
-4.340974241495132446e-02
-2.851736731827259064e-02
5.341737866401672363e-01
-1.237729042768478394e-01
-3.912964463233947754e-01
9.216376543045043945e-01
-1.294597983360290527e-01
-3.996141254901885986e-02
1.651025936007499695e-02
-2.444593757390975952e-01
4.802387580275535583e-02
-9.103502631187438965e-01
1.571848839521408081e-01
-4.107195436954498291e-01
-9.594385027885437012e-01
-2.551744878292083740e-01
-5.792968869209289551e-01
1.270194292068481445e+00
2.361203581094741821e-01
2.207076177000999451e-02
-1.397009007632732391e-02
3.232719600200653076e-01
-5.302327871322631836e-02
9.762838482856750488e-01
4.199204966425895691e-02
-1.682872027158737183e-01
7.266286015510559082e-02
2.510168589651584625e-02
-4.002473652362823486e-01
-2.091626524925231934e-01
-5.682304501533508301e-01
6.245356202125549316e-01
-8.040151000022888184e-01
1.782977208495140076e-02
4.248220920562744141e-01
2.947099693119525909e-02
-1.592305600643157959e-01
-7.832460403442382812e-01
5.999381095170974731e-02
-4.370726943016052246e-01
-2.291397601366043091e-01
-7.240277528762817383e-02
1.098697781562805176e+00
-3.527960479259490967e-01
-2.114977538585662842e-01
5.822396278381347656e-01
9.126991778612136841e-02
8.000684380531311035e-01
-1.402551084756851196e-01
-9.289490059018135071e-03
5.172731354832649231e-02
-7.406709343194961548e-02
-4.513279497623443604e-01
1.870814524590969086e-02
-1.194928646087646484e+00
-6.582922935485839844e-01
4.420414865016937256e-01
5.098649859428405762e-01
4.503404200077056885e-01
1.142931222915649414e+00
5.656646490097045898e-01
-5.333392694592475891e-02
-1.258170884102582932e-02
-4.973564147949218750e-01
7.387980222702026367e-01
4.280571267008781433e-02
-3.511084318161010742e-01
-4.215767234563827515e-02
-8.626167178153991699e-01
1.130614280700683594e-01
-6.156416609883308411e-02
-3.875720128417015076e-02
-1.385414123535156250e+00
-2.030250802636146545e-02
1.019680202007293701e-01
6.106021255254745483e-02
-5.276043415069580078e-01
-7.908087372779846191e-01
9.957773685455322266e-01
-1.873579993844032288e-02
2.089450880885124207e-02
-2.566243410110473633e-01
3.125214576721191406e-01
-6.648766398429870605e-01
2.076382189989089966e-02
6.478329300880432129e-01
-3.407809436321258545e-01
4.551565349102020264e-01
-2.232297182083129883e+00
-2.680881917476654053e-01
1.564240694046020508e+00
-7.314911484718322754e-01
1.712916612625122070e+00
8.013169765472412109e-01
1.549211144447326660e-01
-1.360393285751342773e+00
-2.997368872165679932e-01
1.343651115894317627e-01
-1.645631156861782074e-02
4.622681066393852234e-02
-3.801134824752807617e-01
-4.774863421916961670e-01
-1.008577466011047363e+00
-6.060600280761718750e-01
1.144382357597351074e+00
-8.675216138362884521e-02
-1.535328626632690430e-01
1.178463026881217957e-01
-4.937957227230072021e-01
-2.711455523967742920e-02
1.837759315967559814e-01
-8.041764497756958008e-01
1.147397607564926147e-01
4.742297530174255371e-02
-8.776546716690063477e-01
1.057459354400634766e+00
2.157413959503173828e-02
-1.402134634554386139e-02
-1.570441573858261108e-01
-1.976022869348526001e-01
1.133754625916481018e-01
-5.021817684173583984e-01
5.637414455413818359e-01
-3.146816492080688477e-01
-1.045163720846176147e-01
2.940178848803043365e-02
2.148036509752273560e-01
1.747706383466720581e-01
7.511903643608093262e-01
5.908666253089904785e-01
2.165282703936100006e-02
-6.228770017623901367e-01
7.700293660163879395e-01
-7.574689984321594238e-01
-2.515343725681304932e-01
-2.186674624681472778e-02
-6.884936243295669556e-02
-1.869374513626098633e-02
-7.985035777091979980e-01
-1.594594568014144897e-01
-3.250346183776855469e-01
-1.760023832321166992e-02
1.998040676116943359e-01
7.560989856719970703e-01
-1.332723051309585571e-01
3.382048904895782471e-01
2.597534097731113434e-02
-1.016600489616394043e+00
-2.122727222740650177e-02
-1.317265868186950684e+00
1.339311990886926651e-02
1.870318055152893066e-01
-3.669503629207611084e-01
5.442436933517456055e-01
6.076605245471000671e-02
-1.347799062728881836e+00
-2.584433555603027344e-01
8.520883321762084961e-01
-1.807804822921752930e+00
-3.040405213832855225e-01
5.059527158737182617e-01
1.216511487960815430e+00
-1.972444541752338409e-02
-1.348545588552951813e-02
-4.566917419433593750e-01
-1.885591387748718262e+00
1.201818510890007019e-01
7.711236476898193359e-01
-3.463748991489410400e-01
-1.344220995903015137e+00
4.006770849227905273e-01
-1.253329962491989136e-01
2.462245672941207886e-01
1.202587723731994629e+00
1.407253861427307129e+00
-4.662594199180603027e-01
-1.496333442628383636e-02
4.408554136753082275e-01
1.241707205772399902e+00
-1.115391626954078674e-01
7.577985525131225586e-01
3.527901470661163330e-01
1.137581467628479004e+00
-7.546579241752624512e-01
-4.454441964626312256e-01
-2.587355114519596100e-02
6.853581964969635010e-02
2.029902301728725433e-02
1.698391325771808624e-02
1.150012850761413574e+00
2.145973891019821167e-01
6.092465296387672424e-02
2.029927633702754974e-02
2.294337376952171326e-02
2.408800721168518066e-01
-8.517439663410186768e-02
-2.239839583635330200e-01
-1.694585829973220825e-01
-7.708439826965332031e-01
2.043020911514759064e-02
3.037063777446746826e-01
1.156256675720214844e+00
2.935344278812408447e-01
-3.350342065095901489e-02
2.514161169528961182e-02
1.249251365661621094e-01
8.009511232376098633e-02
-8.562753349542617798e-02
3.327075764536857605e-02
6.427232921123504639e-02
-6.229349374771118164e-01
3.840374201536178589e-02
-1.978254914283752441e-01
-2.165259122848510742e-01
1.360516905784606934e+00
2.931779436767101288e-02
1.008570671081542969e+00
1.414851844310760498e-02
3.868866562843322754e-01
1.341019153594970703e+00
2.763022184371948242e-01
4.040782898664474487e-02
4.906671345233917236e-01
-1.933905601501464844e+00
4.544061422348022461e-01
8.433227539062500000e-01
1.407936215400695801e-01
-8.942631483078002930e-01
-1.868033558130264282e-01
1.216404080390930176e+00
2.179260015487670898e+00
-6.028374657034873962e-02
1.043525218963623047e+00
1.041382193565368652e+00
1.567021161317825317e-01
3.375616967678070068e-01
-2.572852969169616699e-01
2.910888195037841797e-01
9.138025045394897461e-01
-1.333764102309942245e-02
2.588753700256347656e-01
8.667369484901428223e-01
-8.958263993263244629e-01
-8.867502957582473755e-02
1.120779275894165039e+00
1.711216866970062256e-01
-5.800149962306022644e-02
-5.588065385818481445e-01
2.804536819458007812e-01
1.140676736831665039e+00
1.249365359544754028e-01
-4.444252848625183105e-01
3.791600167751312256e-01
1.752687841653823853e-01
1.718594670295715332e+00
-3.954797387123107910e-01
6.438460946083068848e-01
2.031011879444122314e-01
-1.295830130577087402e+00
5.652632117271423340e-01
-2.061331272125244141e-02
-1.771451979875564575e-01
-6.064984798431396484e-01
4.722592532634735107e-01
-4.703853130340576172e-01
1.767086423933506012e-02
7.612642049789428711e-01
-9.883753955364227295e-02
-1.304129045456647873e-02
3.464458584785461426e-01
3.342223167419433594e-01
7.335816025733947754e-01
9.501063227653503418e-01
1.669865399599075317e-01
1.842875778675079346e-02
2.203293293714523315e-01
6.828064918518066406e-01
2.014648914337158203e-02
-5.514519810676574707e-01
-2.868731692433357239e-02
1.862712949514389038e-01
-1.975026726722717285e+00
2.382297664880752563e-01
1.958529502153396606e-01
2.158354818820953369e-01
4.114443436264991760e-02
-3.245445787906646729e-01
4.623242020606994629e-01
1.640645265579223633e-01
-2.336010634899139404e-01
2.829807251691818237e-02
-2.493804097175598145e-01
-3.943098336458206177e-02
8.725292086601257324e-01
1.963390260934829712e-01
7.855602502822875977e-01
7.319877147674560547e-01
-1.923790015280246735e-02
1.109629590064287186e-02
1.337313205003738403e-01
-1.670161932706832886e-01
9.311483800411224365e-02
-2.931125275790691376e-02
-1.785887777805328369e-01
-1.566408202052116394e-02
5.760344862937927246e-01
-2.310602962970733643e-01
8.336625099182128906e-01
-3.569454848766326904e-01
3.163651227951049805e-01
1.530656404793262482e-02
7.482128143310546875e-01
-4.373416900634765625e-01
8.256934881210327148e-01
5.748164281249046326e-02
3.895337879657745361e-02
-1.950284987688064575e-01
-4.267741739749908447e-01
-1.073334366083145142e-01
1.137549132108688354e-01
1.287142992019653320e+00
4.065912961959838867e-02
9.164257906377315521e-03
-5.079867243766784668e-01
4.474178850650787354e-01
1.294420063495635986e-01
-3.751065209507942200e-02
9.626544117927551270e-01
-2.596842348575592041e-01
-7.212449908256530762e-01
5.102124065160751343e-02
-1.456178188323974609e+00
2.275103330612182617e-01
2.796629443764686584e-02
1.100592315196990967e-02
-5.795238018035888672e-01
-1.526666134595870972e-01
4.109132885932922363e-01
-8.800606727600097656e-01
3.450192809104919434e-01
-2.868872880935668945e-01
-4.138395786285400391e-01
9.700999259948730469e-01
2.797221392393112183e-02
7.807193398475646973e-01
-2.351760491728782654e-02
1.164607033133506775e-01
-1.602477766573429108e-02
2.045252360403537750e-02
8.326809108257293701e-02
-1.776902563869953156e-02
-1.462525129318237305e-01
4.340484738349914551e-01
-2.505042850971221924e-01
4.666853547096252441e-01
1.700682193040847778e-01
2.309824340045452118e-02
3.085927069187164307e-01
4.199917316436767578e-01
-8.900464177131652832e-01
-1.349823456257581711e-02
3.029556870460510254e-01
2.233658544719219208e-02
-1.643354073166847229e-02
-5.559151172637939453e-01
-1.371033787727355957e-01
7.753248512744903564e-02
2.690751105546951294e-02
1.957429386675357819e-02
-1.635476589202880859e+00
-1.847894042730331421e-01
-1.586783118546009064e-02
9.319000691175460815e-02
1.745715141296386719e-01
1.535203456878662109e+00
-1.412399411201477051e-01
-5.844942107796669006e-02
-1.181686162948608398e+00
-1.203217029571533203e+00
3.381176665425300598e-02
1.323648542165756226e-02
-3.062144666910171509e-02
-2.771490514278411865e-01
2.071998268365859985e-02
1.370366755872964859e-02
4.960860908031463623e-01
3.337857872247695923e-02
-6.162500381469726562e-01
2.121387608349323273e-02
3.320774435997009277e-01
4.870052039623260498e-01
-6.715520620346069336e-01
-9.470511972904205322e-02
-4.364034533500671387e-01
-2.783056348562240601e-02
6.538712233304977417e-02
-1.288483291864395142e-02
-3.277451172471046448e-02
3.071920573711395264e-02
-1.910239011049270630e-01
-5.159769654273986816e-01
3.353381156921386719e-01
-5.290892720222473145e-02
1.677043363451957703e-02
3.195941448211669922e-01
8.934566378593444824e-02
-1.067113727331161499e-01
1.209852322936058044e-01
-1.573093421757221222e-02
5.128516554832458496e-01
3.348592817783355713e-01
-1.975528150796890259e-02
-1.149007584899663925e-02
-4.753774777054786682e-02
4.392369985580444336e-01
1.877414733171463013e-01
3.292811810970306396e-01
-5.594918131828308105e-01
4.625652730464935303e-01
-1.069978594779968262e+00
-6.988272666931152344e-01
8.209947943687438965e-01
-1.273809820413589478e-01
4.643779993057250977e-01
-3.322740197181701660e-01
7.644817829132080078e-01
6.036605238914489746e-01
-1.175097346305847168e+00
1.892917975783348083e-02
6.794081330299377441e-01
-4.746708646416664124e-02
2.427707612514495850e-01
-6.215617060661315918e-01
-1.431057788431644440e-02
1.540181398391723633e+00
9.884125590324401855e-01
3.427513539791107178e-01
-6.332950592041015625e-01
-6.613397002220153809e-01
-7.835868597030639648e-01
5.674265623092651367e-01
-7.211416214704513550e-02
-9.001162052154541016e-01
6.152391433715820312e-01
-5.042873024940490723e-01
-9.501866698265075684e-01
-3.141136467456817627e-02
6.826116144657135010e-02
2.155478745698928833e-01
-3.337639868259429932e-01
-3.836395442485809326e-01
-8.963815867900848389e-02
-5.327689647674560547e-02
6.356588602066040039e-01
8.032276630401611328e-01
3.497247099876403809e-01
-6.192224621772766113e-01
9.665448218584060669e-02
-1.576001197099685669e-02
-2.809763848781585693e-01
3.127231262624263763e-03
-1.241442002356052399e-02
3.716814517974853516e-01
4.426094517111778259e-02
-9.689025878906250000e-01
1.320972084999084473e+00
-1.651879400014877319e-01
1.533419191837310791e-01
-1.969070732593536377e-02
-2.960570342838764191e-02
6.185063719749450684e-01
9.979520738124847412e-02
3.079166822135448456e-02
-1.577404141426086426e-02
8.801230788230895996e-01
2.287002652883529663e-02
2.072347640991210938e+00
-3.932257890701293945e-01
3.848267719149589539e-02
1.024188160896301270e+00
3.481853306293487549e-01
-3.344326093792915344e-02
9.021139144897460938e-02
4.632549881935119629e-01
2.703895866870880127e-01
1.630501866340637207e+00
6.117933988571166992e-01
5.821207165718078613e-01
4.983040392398834229e-01
-1.509656570851802826e-02
4.416034817695617676e-01
7.537261396646499634e-02
-4.785861670970916748e-01
2.107502892613410950e-02
-2.412218451499938965e-01
7.156038284301757812e-01
-5.139943957328796387e-01
-1.984402909874916077e-02
-2.702737152576446533e-01
-3.345452249050140381e-02
-6.223458647727966309e-01
1.996158063411712646e-01
4.240030050277709961e-01
-4.309477210044860840e-01
-6.913358569145202637e-01
-4.203031063079833984e-01
1.832095235586166382e-01
-1.025256738066673279e-01
1.461188197135925293e+00
2.651574611663818359e-01
-1.237304136157035828e-02
3.414646089076995850e-01
5.343337655067443848e-01
-5.069972276687622070e-01
6.888260841369628906e-01
8.070284724235534668e-01
-1.152675896883010864e-01
-2.415189445018768311e-01
-1.227414488792419434e+00
6.300747990608215332e-01
-1.197989657521247864e-02
-5.430703163146972656e-01
1.113414525985717773e+00
3.255004435777664185e-02
3.776724338531494141e-01
1.041656583547592163e-01
1.393386363983154297e+00
3.013808131217956543e-01
4.631291925907135010e-01
-5.841838121414184570e-01
-3.876801133155822754e-01
2.238540649414062500e-01
1.553344875574111938e-01
-5.985291004180908203e-01
-4.903835952281951904e-01
2.789641320705413818e-01
-2.830526828765869141e-01
5.493152737617492676e-01
6.214154958724975586e-01
1.465090271085500717e-02
-2.749744988977909088e-02
6.025645136833190918e-01
-4.253394901752471924e-01
3.187569603323936462e-02
1.570029258728027344e+00
-1.844248920679092407e-01
-1.888309478759765625e+00
1.699976064264774323e-02
-7.715398073196411133e-01
4.105888009071350098e-01
1.014833450317382812e+00
-4.186436533927917480e-02
1.306584943085908890e-02
-1.128519624471664429e-01
-1.036692023277282715e+00
-1.465398818254470825e-01
9.878893494606018066e-01
4.488331377506256104e-01
3.887849152088165283e-01
-1.030454784631729126e-02
-6.748836040496826172e-01
2.831678390502929688e-01
2.047581076622009277e-01
7.269307374954223633e-01
7.187651991844177246e-01
2.390074431896209717e-01
1.588660851120948792e-02
-5.995365977287292480e-02
-1.291007455438375473e-02
-6.095862388610839844e-01
9.060723185539245605e-01
-4.720961153507232666e-01
-5.986905097961425781e-01
-4.165535271167755127e-01
8.157778531312942505e-02
5.827243626117706299e-02
-2.674967646598815918e-01
-1.112433075904846191e+00
1.281534284353256226e-01
1.517407316714525223e-02
-1.630093902349472046e-01
-2.288347929716110229e-01
1.820321828126907349e-01
-3.583524748682975769e-02
8.925198316574096680e-01
1.214410066604614258e+00
-8.343865275382995605e-01
1.261286810040473938e-02
7.471706271171569824e-01
5.314233526587486267e-02
-4.690769687294960022e-02
-5.760246887803077698e-02
1.504166871309280396e-01
-2.432687953114509583e-02
-9.100941568613052368e-02
-3.690734878182411194e-02
-1.655768156051635742e-01
3.587504923343658447e-01
1.143986701965332031e+00
5.827311798930168152e-02
-5.430671572685241699e-01
2.279205434024333954e-02
-1.666352599859237671e-01
-1.116787642240524292e-02
-1.689165085554122925e-01
3.669027090072631836e-01
9.675295352935791016e-01
4.276194423437118530e-02
-6.467134505510330200e-02
2.741015702486038208e-02
-4.083769619464874268e-01
-2.702396363019943237e-02
4.182143509387969971e-02
-5.438651144504547119e-02
-2.976151704788208008e-01
-1.403127610683441162e-02
3.242405503988265991e-02
-8.023869246244430542e-02
-1.617226377129554749e-02
-1.094885021448135376e-01
-1.360297918319702148e+00
1.590352691709995270e-02
-3.169537484645843506e-01
5.705021023750305176e-01
-5.397563427686691284e-02
-1.340679377317428589e-01
-9.827435761690139771e-02
3.419154286384582520e-01
1.403433550149202347e-02
9.283466339111328125e-01
-1.044075131416320801e+00
1.553664635866880417e-02
7.664726972579956055e-01
-2.808216512203216553e-01
1.031977891921997070e+00
-1.836467742919921875e+00
1.760554760694503784e-01
-8.060522377490997314e-02
5.050381422042846680e-01
2.324745431542396545e-02
-2.038853019475936890e-01
1.270752549171447754e-01
-1.295611076056957245e-02
3.088606297969818115e-01
3.422487154603004456e-02
-8.419597744941711426e-01
-1.332771033048629761e-02
5.398486256599426270e-01
-1.931549422442913055e-02
-5.734606385231018066e-01
7.608349621295928955e-02
1.345872759819030762e+00
8.792517781257629395e-01
-1.131227493286132812e+00
-1.580762118101119995e-02
1.796718239784240723e-01
1.958285719156265259e-01
-4.992221891880035400e-01
1.371212601661682129e-01
-8.567653894424438477e-01
-5.209249630570411682e-02
8.908388763666152954e-02
-4.806839525699615479e-01
2.272092178463935852e-02
-1.775146424770355225e-01
-2.208908796310424805e-01
1.970194578170776367e-01
-1.301570892333984375e+00
-1.311967074871063232e-01
1.245788186788558960e-01
-1.006348967552185059e+00
-6.435304284095764160e-01
-2.532926797866821289e-01
-1.084824930876493454e-02
1.186949849128723145e+00
1.778028726577758789e+00
2.579837143421173096e-01
1.330368965864181519e-01
-1.481517590582370758e-02
-3.498393595218658447e-01
4.231690168380737305e-01
-3.546225428581237793e-01
6.252674460411071777e-01
7.057744264602661133e-01
-4.776873067021369934e-02
1.461553424596786499e-01
-5.561764538288116455e-02
-1.903557032346725464e-01
1.415833365172147751e-02
-1.572262644767761230e+00
8.803335428237915039e-01
-1.781838200986385345e-02
-5.044252797961235046e-02
-8.329579234123229980e-01
-2.221977949142456055e+00
1.240751147270202637e+00
9.281590580940246582e-01
2.812047302722930908e-01
-4.468159973621368408e-01
2.512210607528686523e-01
2.439489029347896576e-02
1.009089708328247070e+00
-2.436077781021595001e-02
1.423568278551101685e-02
-9.663935750722885132e-02
-1.067383959889411926e-01
2.022015154361724854e-01
5.740926861763000488e-01
-3.150261938571929932e-01
4.862943887710571289e-01
-1.258795559406280518e-01
2.870235964655876160e-02
1.540838778018951416e-01
-2.435809522867202759e-01
1.821288764476776123e-01
-3.177059888839721680e-01
1.209381818771362305e+00
-1.712099909782409668e+00
1.695107482373714447e-02
7.640428375452756882e-03
1.631280593574047089e-02
-5.108270645141601562e-01
-1.365488581359386444e-02
2.513898909091949463e-01
-7.071883082389831543e-01
-1.462262421846389771e-01
-3.066480457782745361e-01
2.223060578107833862e-01
-1.169303894042968750e+00
3.910936415195465088e-01
1.385819315910339355e+00
-3.028621077537536621e-01
1.081717371940612793e+00
-9.258380532264709473e-01
-5.416162014007568359e-01
-3.554411232471466064e-02
-7.517685741186141968e-02
-1.806434430181980133e-02
1.086842656135559082e+00
-6.867006421089172363e-01
-1.147516846656799316e+00
3.475777432322502136e-02
-2.497038990259170532e-02
2.625136375427246094e-01
-1.861066460609436035e+00
-2.943410910665988922e-02
-1.092432737350463867e+00
1.015593290328979492e+00
3.287210315465927124e-02
3.313776850700378418e-02
-1.732160001993179321e-01
3.196492046117782593e-02
-1.126688361167907715e+00
-3.898902237415313721e-01
1.247431516647338867e+00
-7.331708073616027832e-02
1.020365580916404724e-01
5.639384314417839050e-02
1.789599284529685974e-02
-7.424795627593994141e-02
-1.711417138576507568e-01
4.856713488698005676e-02
2.113226987421512604e-02
-9.804456494748592377e-03
9.739249348640441895e-01
-7.737420201301574707e-01
-7.334504127502441406e-01
-4.450452327728271484e-01
2.279703617095947266e-01
6.420471668243408203e-01
-6.184684485197067261e-02
9.857819676399230957e-01
1.735930889844894409e-02
1.149701029062271118e-01
-1.183651089668273926e-01
3.188611567020416260e-01
-1.407177373766899109e-02
4.392296969890594482e-01
-3.895424306392669678e-01
3.930108249187469482e-02
4.621364474296569824e-01
3.952385783195495605e-01
1.239237263798713684e-01
-2.567542195320129395e-01
-9.476540684700012207e-01
-1.660425066947937012e+00
-2.037090957164764404e-01
1.927558779716491699e+00
-3.148700669407844543e-02
9.278987348079681396e-02
-8.088937997817993164e-01
1.973291188478469849e-01
-4.227660596370697021e-02
1.025601387023925781e+00
-6.572928428649902344e-01
-3.967573121190071106e-02
-2.098059505224227905e-01
1.456961967051029205e-02
5.693717002868652344e-01
-8.101429790258407593e-02
-3.941430747509002686e-01
1.594495773315429688e-01
6.208968758583068848e-01
2.918106913566589355e-01
-8.401795625686645508e-01
2.007407508790493011e-02
-1.241158694028854370e-02
-1.109136700630187988e+00
5.264148116111755371e-01
1.102084398269653320e+00
3.427517786622047424e-02
1.332186698913574219e+00
2.226443216204643250e-02
-4.884219765663146973e-01
8.969794511795043945e-01
1.080180704593658447e-01
6.528056263923645020e-01
-3.758173063397407532e-02
-2.901457250118255615e-01
-1.875329732894897461e+00
-3.046605288982391357e-01
2.248214744031429291e-02
-2.800052762031555176e-01
2.543199956417083740e-01
-4.841887056827545166e-01
2.552881650626659393e-02
2.088142335414886475e-01
-4.521719738841056824e-02
7.691632509231567383e-01
1.600724644958972931e-02
5.222964286804199219e-01
2.428743988275527954e-02
2.111442089080810547e-01
1.398176848888397217e-01
4.345883429050445557e-01
-1.814566738903522491e-02
-8.806405961513519287e-02
1.362214088439941406e-01
2.916212975978851318e-01
1.499314159154891968e-01
-5.844102501869201660e-01
9.470686316490173340e-01
-1.188581109046936035e+00
-3.497346639633178711e-01
5.555222034454345703e-01
7.105904221534729004e-01
-3.478801846504211426e-01
1.696793548762798309e-02
4.039084613323211670e-01
1.337535500526428223e+00
6.084499955177307129e-01
3.340341523289680481e-02
-6.180059909820556641e-02
1.922252476215362549e-01
-3.266735672950744629e-01
4.572115093469619751e-02
-9.173626899719238281e-01
-3.522696718573570251e-02
-2.322162315249443054e-02
2.284290939569473267e-01
-8.516741394996643066e-01
-1.686465501785278320e+00
-1.697389967739582062e-02
-7.239042520523071289e-01
9.117057323455810547e-01
1.889933831989765167e-02
5.973131060600280762e-01
-9.968462586402893066e-01
-1.657545119524002075e-01
7.220689058303833008e-01
-4.418313205242156982e-01
1.198351755738258362e-01
9.228984117507934570e-01
3.327644616365432739e-02
-2.571975812315940857e-03
-1.014463901519775391e+00
-3.189730644226074219e-02
2.918793559074401855e-01
7.702353000640869141e-01
-2.381724268198013306e-01
1.690508611500263214e-02
-5.697047710418701172e-01
1.007876023650169373e-01
1.056168302893638611e-01
1.333494670689105988e-02
4.217534065246582031e-01
1.606301665306091309e-01
-9.037789106369018555e-01
-1.306823611259460449e+00
-7.226908802986145020e-01
-2.581742964684963226e-02
-1.476765330880880356e-02
1.453550159931182861e-01
-1.924898922443389893e-01
-3.058361262083053589e-02
1.874025724828243256e-02
-2.096371166408061981e-02
8.315615653991699219e-01
1.132626682519912720e-01
1.669293642044067383e-01
2.449221312999725342e-01
-2.789101898670196533e-01
1.421815603971481323e-01
-9.872317314147949219e-01
2.789358422160148621e-02
-9.440228343009948730e-01
2.702160365879535675e-02
-6.321705579757690430e-01
7.514221668243408203e-01
-3.520566225051879883e-02
-1.163279414176940918e+00
-1.958502642810344696e-02
-2.022036351263523102e-02
4.315076470375061035e-01
1.646490395069122314e-02
2.282075583934783936e-02
9.002110362052917480e-01
-9.779272079467773438e-01
2.271270304918289185e-01
-2.407752536237239838e-02
-2.387631312012672424e-02
-1.785408891737461090e-02
-1.162111014127731323e-01
-1.097444057464599609e+00
5.399029850959777832e-01
1.890747062861919403e-02
-1.542139410972595215e+00
4.633915424346923828e-01
6.304073333740234375e-02
-1.793745875358581543e+00
-2.121564932167530060e-02
1.300333067774772644e-02
8.035967350006103516e-01
2.961212098598480225e-01
5.967273116111755371e-01
5.852838754653930664e-01
1.174550224095582962e-02
-2.028611421585083008e+00
-1.058045387268066406e+00
5.906819701194763184e-01
-8.019240200519561768e-02
-9.341809153556823730e-02
-8.773605227470397949e-01
-1.057077571749687195e-02
1.380781292915344238e+00
3.066285140812397003e-02
-1.458474546670913696e-01
7.849633097648620605e-01
7.837850451469421387e-01
-1.809475123882293701e-01
-2.633996903896331787e-01
4.320526868104934692e-02
-2.382969856262207031e-02
-2.198216691613197327e-02
-2.638466842472553253e-02
2.465602941811084747e-02
-1.778195142745971680e+00
-1.032668471336364746e+00
-1.007612347602844238e+00
2.855883240699768066e-01
7.243589162826538086e-01
-4.599377214908599854e-01
5.270231962203979492e-01
-2.167372032999992371e-02
2.330927848815917969e-01
-8.456658571958541870e-03
1.294084906578063965e+00
2.500923164188861847e-02
3.654393181204795837e-02
1.808792501688003540e-01
-2.792996168136596680e-01
2.233643978834152222e-01
-2.073415741324424744e-02
1.796067878603935242e-02
-7.021431624889373779e-02
4.594044387340545654e-01
-1.339873671531677246e-02
2.183461427688598633e+00
3.356335684657096863e-02
7.897178530693054199e-01
-3.936625123023986816e-01
4.135265648365020752e-01
-1.703271031379699707e+00
1.728588901460170746e-02
4.407831430435180664e-01
-3.092290274798870087e-02
-4.563874006271362305e-01
1.459340095520019531e+00
8.578608930110931396e-02
3.014812245965003967e-02
-1.882456392049789429e-01
8.814733624458312988e-01
-1.539216637611389160e-01
-6.297213584184646606e-02
-1.715336322784423828e+00
3.707838803529739380e-02
1.201179265975952148e+00
-2.415297739207744598e-02
3.119910359382629395e-01
1.589210517704486847e-02
6.851693391799926758e-01
1.371034979820251465e-02
-5.444958060979843140e-02
-2.739604376256465912e-02
-2.934383414685726166e-02
1.375054597854614258e+00
-2.517809718847274780e-02
-1.788560748100280762e-01
1.349413871765136719e+00
-1.681040763854980469e+00
-2.919428646564483643e-01
-8.488627076148986816e-01
-3.212980553507804871e-02
2.285786159336566925e-02
6.435830891132354736e-02
-2.916501760482788086e-01
-3.790026158094406128e-02
-5.218325853347778320e-01
-1.605723798274993896e-02
2.110782265663146973e-02
3.309195637702941895e-01
1.700798422098159790e-02
5.510349869728088379e-01
-5.693387985229492188e-01
-3.835600242018699646e-02
8.217830657958984375e-01
2.515338547527790070e-02
-2.198247164487838745e-01
-1.319483574479818344e-02
-7.883740067481994629e-01
1.256918549537658691e+00
-7.391404509544372559e-01
4.552399218082427979e-01
1.906715482473373413e-01
-3.128066956996917725e-01
-3.194444254040718079e-02
1.672134757041931152e+00
2.141904830932617188e-01
1.355429291725158691e-01
-4.009858965873718262e-01
-3.390966951847076416e-01
-2.765898406505584717e-01
7.026943564414978027e-01
3.310629725456237793e-01
2.198416739702224731e-01
-4.094614461064338684e-02
-1.948478221893310547e-01
1.655294775962829590e+00
-1.352772396057844162e-02
-3.479119762778282166e-02
-1.533823739737272263e-02
1.407914519309997559e+00
7.880625873804092407e-02
1.397761464118957520e+00
1.359402090311050415e-01
-1.210522770881652832e+00
-3.568332791328430176e-01
-1.522253006696701050e-01
4.312127530574798584e-01
-1.257878146134316921e-03
1.241096973419189453e+00
2.745712995529174805e-01
9.397252202033996582e-01
1.219749823212623596e-01
-1.761185050010681152e+00
4.001346528530120850e-01
5.357908606529235840e-01
4.223234951496124268e-01
1.982284337282180786e-01
-7.481136918067932129e-02
-1.306424587965011597e-01
-1.470248997211456299e-01
-1.255219615995883942e-02
-1.842665672302246094e-01
3.107160925865173340e-01
-4.434992000460624695e-02
1.703321337699890137e-01
-1.805075407028198242e-01
-6.266432404518127441e-01
8.751199394464492798e-02
1.348278764635324478e-02
1.441636309027671814e-02
-6.384020298719406128e-02
2.338957786560058594e-02
4.717935621738433838e-02
1.033793807029724121e+00
-1.348554491996765137e+00
1.747898384928703308e-02
3.254986703395843506e-01
1.553617976605892181e-02
-1.258995011448860168e-02
1.597794517874717712e-02
-1.322560198605060577e-02
6.088365614414215088e-02
-1.193792104721069336e+00
8.010774105787277222e-02
1.247049272060394287e-01
1.440345764160156250e+00
8.992580175399780273e-01
-4.803485795855522156e-02
9.173277616500854492e-01
5.296386480331420898e-01
1.016895323991775513e-01
-6.773355007171630859e-01
-4.673251509666442871e-01
1.924078911542892456e-01
3.076708912849426270e-01
3.349773287773132324e-01
2.657820284366607666e-01
6.825140714645385742e-01
-1.054622769355773926e+00
1.793806068599224091e-02
-2.875405177474021912e-02
-1.982768326997756958e-01
1.372943758964538574e+00
6.299675256013870239e-02
-6.076686456799507141e-02
6.496597826480865479e-02
-3.766425549983978271e-01
-6.167160868644714355e-01
-2.049191109836101532e-02
4.890246093273162842e-01
2.844829559326171875e-01
8.769360184669494629e-02
1.456649005413055420e-01
-2.024834156036376953e-01
-5.346601828932762146e-02
-7.460861206054687500e-01
3.433343172073364258e-01
1.255071640014648438e+00
-5.251253843307495117e-01
1.276726245880126953e+00
-1.624127268791198730e+00
9.619519710540771484e-01
2.340604811906814575e-01
1.560938451439142227e-02
-2.809846997261047363e-01
1.029822349548339844e+00
2.118181623518466949e-02
6.510825455188751221e-02
2.547444701194763184e-01
-3.658895567059516907e-02
3.567762672901153564e-01
3.933063745498657227e-01
1.351930946111679077e-01
2.792309522628784180e-01
3.139257133007049561e-01
-3.329638019204139709e-02
1.015491724014282227e+00
2.587232887744903564e-01
1.225825585424900055e-02
8.567816019058227539e-01
6.060504913330078125e-01
-1.349032018333673477e-02
1.117374598979949951e-01
-1.044705361127853394e-01
-5.024102330207824707e-01
-1.152772784233093262e+00
-1.211739256978034973e-01
-2.299803048372268677e-01
-1.551178991794586182e-01
-3.800348937511444092e-02
-1.778397709131240845e-01
5.146179795265197754e-01
3.570792675018310547e-01
9.797783493995666504e-01
2.304797470569610596e-01
-2.065171673893928528e-02
-5.212684273719787598e-01
-1.434804320335388184e+00
-3.113899827003479004e-01
-2.560205385088920593e-02
-3.139118850231170654e-01
2.975653409957885742e-01
1.257068991661071777e+00
3.709816634654998779e-01
-4.924428462982177734e-01
1.303497795015573502e-02
6.505712270736694336e-01
6.455111317336559296e-03
-5.583412200212478638e-02
-1.160528421401977539e+00
-2.194083184003829956e-01
2.798202335834503174e-01
1.745952069759368896e-01
-4.022450149059295654e-01
-5.542277824133634567e-03
-2.837541103363037109e-01
-2.015947401523590088e-01
-1.613375544548034668e-01
1.005486011505126953e+00
1.299804449081420898e-01
-1.621661335229873657e-02
-2.224608361721038818e-01
2.123224437236785889e-01
-1.939310073852539062e+00
1.863652318716049194e-01
-2.038899064064025879e-01
-9.897117018699645996e-01
1.708388179540634155e-01
9.818080067634582520e-02
6.960666179656982422e-01
4.010308980941772461e-01
-1.917352713644504547e-02
-5.621870160102844238e-01
-6.649560928344726562e-01
2.780029922723770142e-02
1.885471679270267487e-02
1.316083073616027832e-01
-6.974335908889770508e-01
-1.493979245424270630e-01
1.758212566375732422e+00
-4.658274352550506592e-01
4.482526183128356934e-01
8.205465227365493774e-02
6.585040688514709473e-02
1.115104928612709045e-02
7.737290114164352417e-03
-1.096414089202880859e+00
2.610164880752563477e-01
-1.659221887588500977e+00
1.307603158056735992e-02
2.494388818740844727e-01
-2.457139343023300171e-01
2.986385114490985870e-02
-2.032819986343383789e-01
-5.161284282803535461e-02
-2.856267392635345459e-01
2.492397874593734741e-01
-2.082515209913253784e-01
2.272386997938156128e-01
-1.284857541322708130e-01
-5.820474773645401001e-02
-1.674805395305156708e-02
2.120342403650283813e-01
2.103434689342975616e-02
-3.631659150123596191e-01
-1.275140523910522461e+00
-2.767543792724609375e-01
1.389484293758869171e-02
5.252355933189392090e-01
-9.495837092399597168e-01
-1.077760979533195496e-01
2.240404859185218811e-02
-1.501707583665847778e-01
-1.525918301194906235e-02
1.458311825990676880e-02
3.417306840419769287e-01
1.271051727235317230e-02
3.077115416526794434e-01
-3.768275678157806396e-01
-1.793304443359375000e+00
-7.902377843856811523e-02
1.845189630985260010e-01
-1.033588647842407227e+00
-2.318522781133651733e-01
-1.709500513970851898e-02
-1.947748847305774689e-02
5.832293629646301270e-01
4.834445714950561523e-01
1.304984837770462036e-01
2.913940846920013428e-01
7.700610756874084473e-01
2.758149988949298859e-02
-8.832311630249023438e-01
2.091593891382217407e-01
4.398100376129150391e-01
-2.216296494007110596e-01
1.271258387714624405e-02
1.288480963557958603e-02
-2.393007427453994751e-01
2.957577817142009735e-02
1.319905836135149002e-02
1.473333716392517090e+00
-2.780496478080749512e-01
-7.357840538024902344e-01
1.091814160346984863e+00
1.219205651432275772e-02
-1.955686211585998535e-01
1.355528924614191055e-02
-7.945786118507385254e-01
-3.359164595603942871e-01
-1.587824337184429169e-02
-9.296433329582214355e-01
2.121406197547912598e-01
-1.475740194320678711e+00
1.069713592529296875e+00
7.979003787040710449e-01
-1.449611503630876541e-02
-1.857979446649551392e-01
-2.039062045514583588e-02
-1.615533530712127686e-01
3.172898292541503906e-01
7.966359257698059082e-01
-5.026145577430725098e-01
-1.398000001907348633e+00
-9.708265662193298340e-01
-2.146866619586944580e-01
-6.856521368026733398e-01
-3.756599128246307373e-02
1.048258021473884583e-01
-5.749050974845886230e-01
-1.508715748786926270e-01
8.396530747413635254e-01
-2.249365895986557007e-01
2.269747480750083923e-02
3.976858854293823242e-01
-2.999735176563262939e-01
-2.670216262340545654e-01
-5.583249032497406006e-02
3.210073113441467285e-01
-2.236327528953552246e-01
1.493891924619674683e-01
4.719169437885284424e-02
3.866120800375938416e-02
-2.665381180122494698e-03
-2.139437347650527954e-01
3.259634673595428467e-01
1.615113578736782074e-02
3.014130890369415283e-01
6.919056773185729980e-01
3.544143736362457275e-01
-6.021550297737121582e-01
-3.088653683662414551e-01
1.460724510252475739e-02
-3.486227095127105713e-01
3.037159144878387451e-01
1.543713826686143875e-02
8.733754754066467285e-01
1.773531287908554077e-01
2.521245777606964111e-01
1.414818316698074341e-01
4.413286596536636353e-02
-1.590497016906738281e+00
-1.436756134033203125e+00
-2.212973833084106445e-01
5.440246462821960449e-01
3.392645120620727539e-01
-1.981487751007080078e+00
1.887306198477745056e-02
1.826882734894752502e-02
-6.832053065299987793e-01
3.737758994102478027e-01
1.019708395004272461e+00
-2.287627607583999634e-01
4.103554487228393555e-01
2.737012207508087158e-01
8.697046041488647461e-01
-1.272716820240020752e-01
-5.169639587402343750e-01
2.401566952466964722e-01
-2.977518178522586823e-02
-2.441094517707824707e-01
-2.917148768901824951e-01
-2.761624753475189209e-01
-5.398838520050048828e-01
-4.493723809719085693e-01
1.417539358139038086e+00
-2.457419037818908691e-01
1.881525292992591858e-02
-1.968637704849243164e-01
-3.140139877796173096e-01
-3.758552372455596924e-01
6.859156489372253418e-01
4.479057192802429199e-01
-7.885514199733734131e-02
2.240045554935932159e-02
-2.092869952321052551e-02
1.081394314765930176e+00
2.686589956283569336e-01
-1.197493433952331543e+00
2.385303191840648651e-02
-6.440123915672302246e-01
2.708794176578521729e-01
-2.982600331306457520e-01
-1.488950476050376892e-02
-3.793473914265632629e-02
3.881277441978454590e-01
-1.212208747863769531e+00
1.175720691680908203e+00
1.819305680692195892e-02
-6.190083622932434082e-01
-8.238045573234558105e-01
1.293363142758607864e-02
3.131661936640739441e-02
7.236246466636657715e-01
1.332584489136934280e-02
1.087564677000045776e-01
-4.548301175236701965e-02
-6.160491611808538437e-03
1.248545765876770020e+00
-7.855664938688278198e-02
4.580170810222625732e-01
3.065826371312141418e-02
1.702416501939296722e-02
1.314820535480976105e-02
-5.107244849205017090e-01
5.998191237449645996e-02
-2.650358378887176514e-01
1.826136410236358643e-01
-1.794168472290039062e+00
-3.135099411010742188e-01
1.522010862827301025e-01
7.842383384704589844e-01
-2.237874455749988556e-02
1.825161427259445190e-01
9.930751919746398926e-01
-3.355201780796051025e-01
1.695793867111206055e-01
-6.207751631736755371e-01
1.467303782701492310e-01
1.695823110640048981e-02
-4.097996354103088379e-01
-1.411504764109849930e-02
6.997346282005310059e-01
8.918319940567016602e-01
-7.034002989530563354e-02
-5.185202360153198242e-01
5.262076258659362793e-01
-2.759146876633167267e-02
-1.103561162948608398e+00
-8.772397041320800781e-02
-1.638170890510082245e-02
-1.925774812698364258e-01
5.193249136209487915e-02
1.546027421951293945e+00
-1.968782581388950348e-02
1.607126370072364807e-02
3.910325765609741211e-01
5.853958055377006531e-02
1.992179393768310547e+00
1.477547548711299896e-02
-1.346657037734985352e+00
2.874673530459403992e-02
1.568664312362670898e-01
-2.147385478019714355e-01
-3.564600050449371338e-01
-7.381760329008102417e-02
-6.446766108274459839e-02
3.481101617217063904e-02
-2.070110291242599487e-02
-1.138546131551265717e-02
-5.579096078872680664e-02
4.135041963309049606e-03
2.434070967137813568e-02
1.364169269800186157e-02
-3.703943490982055664e-01
1.129477471113204956e-01
-3.663126528263092041e-01
-9.627504944801330566e-01
-1.252205252647399902e+00
-8.950325250625610352e-01
2.412894368171691895e-01
6.543111801147460938e-02
-1.352249924093484879e-02
3.334606289863586426e-01
-7.512427568435668945e-01
-2.073232084512710571e-02
1.226980760693550110e-01
-2.135055661201477051e-01
-4.381725192070007324e-02
-8.113948255777359009e-02
-1.995317079126834869e-02
8.244854211807250977e-01
2.504366338253021240e-01
-5.847828388214111328e-01
-4.534281790256500244e-03
1.426293700933456421e-01
5.701292753219604492e-01
-1.550013780593872070e+00
-3.930320590734481812e-02
-1.424006186425685883e-02
3.842209279537200928e-01
-1.101289391517639160e-01
-4.197791218757629395e-01
1.655332557857036591e-02
-1.977999359369277954e-01
-5.912765115499496460e-02
1.967756152153015137e-01
2.412195876240730286e-02
2.793852090835571289e-01
7.327064275741577148e-01
-4.563460648059844971e-01
-3.599695488810539246e-02
-7.791646122932434082e-01
4.299409091472625732e-01
4.322015866637229919e-02
1.505153905600309372e-02
6.467927992343902588e-02
5.464824438095092773e-01
1.366401091217994690e-02
-1.538273543119430542e-01
6.942247748374938965e-01
1.991581358015537262e-02
5.726720690727233887e-01
-7.622609734535217285e-01
-2.322495281696319580e-01
1.718462258577346802e-02
1.391211152076721191e-02
5.862362980842590332e-01
1.366071589291095734e-02
1.404001861810684204e-01
-1.209711804986000061e-01
-9.057301282882690430e-01
-1.494801282882690430e+00
6.886262297630310059e-01
-1.082044720649719238e+00
-9.403438307344913483e-03
4.213058650493621826e-01
9.282947331666946411e-02
-1.355276908725500107e-02
-1.087847828865051270e+00
-1.200862228870391846e-01
-1.355894684791564941e+00
6.594085693359375000e-01
1.510076504200696945e-02
-3.148479759693145752e-01
9.498663246631622314e-02
-1.048539951443672180e-01
1.128702014684677124e-01
-1.364511698484420776e-01
-8.025711029767990112e-02
2.975245565176010132e-02
-8.222604393959045410e-01
-2.233803272247314453e-01
-2.307435989379882812e+00
-1.587453186511993408e-01
6.786729097366333008e-01
3.796788156032562256e-01
1.498886011540889740e-02
-1.564903616905212402e+00
3.017719984054565430e-01
7.492470145225524902e-01
3.522652387619018555e-01
-4.605470597743988037e-01
1.289230138063430786e-01
1.982652395963668823e-01
1.087715387344360352e+00
4.385193884372711182e-01
-1.906995326280593872e-01
5.697357654571533203e-01
7.217328548431396484e-01
-5.099691450595855713e-02
1.717835545539855957e+00
5.596733093261718750e-01
-1.736286655068397522e-02
2.370872907340526581e-02
1.225548833608627319e-01
-9.409630298614501953e-01
2.164601162075996399e-02
-2.235062569379806519e-01
6.701099872589111328e-02
-1.213918551802635193e-01
3.674352467060089111e-01
7.024082541465759277e-02
-7.720551639795303345e-02
-1.373227715492248535e+00
5.824747681617736816e-02
-2.919605970382690430e-01
-1.066168189048767090e+00
5.637689828872680664e-01
2.373986095190048218e-01
1.407098770141601562e-01
1.064856499433517456e-01
-1.863670349121093750e-01
-6.649313569068908691e-01
-4.930817708373069763e-02
2.582274079322814941e-01
-5.645228624343872070e-01
1.194944262504577637e+00
8.244065046310424805e-01
1.363879442214965820e+00
3.967484533786773682e-01
8.312515020370483398e-01
-6.334903240203857422e-01
-1.261210918426513672e+00
1.240175485610961914e+00
-1.115674376487731934e-01
1.611452847719192505e-01
2.968682348728179932e-01
2.186238393187522888e-02
-1.321344077587127686e-02
1.166546940803527832e+00
-6.455177664756774902e-01
5.211382508277893066e-01
2.711547613143920898e-01
7.202844321727752686e-02
-1.455651372671127319e-01
1.068289652466773987e-01
-2.469589188694953918e-02
-2.362248674035072327e-02
2.094274461269378662e-01
9.638596773147583008e-01
-1.674660295248031616e-02
-1.517609655857086182e-01
2.542071789503097534e-02
7.101316750049591064e-02
-4.375440478324890137e-01
-5.570162832736968994e-02
2.064709812402725220e-01
-5.436415597796440125e-02
-2.692706286907196045e-01
-1.241856887936592102e-01
2.338816821575164795e-01
8.214115351438522339e-02
9.704455137252807617e-01
-2.311138361692428589e-01
-7.306085228919982910e-01
4.403917193412780762e-01
5.852327942848205566e-01
-2.136464416980743408e-01
6.619500517845153809e-01
-3.786576539278030396e-02
-9.255975484848022461e-02
4.381965398788452148e-01
3.968254104256629944e-02
-1.209331989288330078e+00
2.861845493316650391e-01
7.691087126731872559e-01
1.655922271311283112e-02
8.201289772987365723e-01
3.390016034245491028e-02
1.995185762643814087e-02
-6.118672490119934082e-01
-2.683848142623901367e-01
-5.267052650451660156e-01
4.161547720432281494e-01
6.508857011795043945e-01
1.348767638206481934e+00
2.577555775642395020e-01
-6.742707639932632446e-02
3.268391788005828857e-01
-3.006409406661987305e-01
7.929561734199523926e-01
-9.971309304237365723e-01
-1.844972819089889526e-01
-5.296431183815002441e-01
-1.140115737915039062e+00
-7.279571890830993652e-02
1.824243366718292236e-02
1.215810775756835938e+00
1.276922702789306641e+00
-8.607855439186096191e-02
1.525940418243408203e+00
3.501530289649963379e-01
-3.205943107604980469e-02
-1.194482520222663879e-01
2.793075144290924072e-01
3.641554713249206543e-01
-3.594899773597717285e-01
-2.093372680246829987e-02
-1.461385283619165421e-02
-2.148544974625110626e-02
6.755992770195007324e-02
7.587234973907470703e-01
1.839625276625156403e-02
1.143463492393493652e+00
7.630985975265502930e-02
-7.199303060770034790e-02
2.269967496395111084e-01
-4.499171078205108643e-01
-1.640574038028717041e-01
4.387980997562408447e-01
-2.915819883346557617e-01
-2.190412394702434540e-02
-1.864074170589447021e-01
-1.191473901271820068e-01
-1.310424041002988815e-02
7.813730239868164062e-01
4.928783327341079712e-02
-4.193755239248275757e-02
-9.826129078865051270e-01
-5.941604450345039368e-02
-5.837758779525756836e-01
-1.678114756941795349e-02
4.374793469905853271e-01
5.509522557258605957e-01
-7.657072544097900391e-01
3.994843959808349609e-01
1.471679568290710449e+00
3.786965087056159973e-02
2.415175735950469971e-01
2.106728591024875641e-02
-7.585220932960510254e-01
-1.647079706192016602e+00
-4.090438485145568848e-01
5.310354232788085938e-01
-1.723460793495178223e+00
2.550620436668395996e-01
-2.224370278418064117e-02
1.866931468248367310e-01
1.083500981330871582e+00
-4.720185399055480957e-01
-1.764278769493103027e+00
-1.710740104317665100e-02
9.526542574167251587e-02
-5.452345013618469238e-01
7.161266803741455078e-01
-7.044073194265365601e-02
5.205907225608825684e-01
1.007609128952026367e+00
1.335236549377441406e+00
-7.515541911125183105e-01
-7.470942735671997070e-01
6.087142229080200195e-02
5.684500336647033691e-01
7.097979784011840820e-01
-6.270774006843566895e-01
-9.797779321670532227e-01
1.070811510086059570e+00
-1.365927513688802719e-02
7.701553106307983398e-01
6.902530193328857422e-01
-4.876025617122650146e-01
-5.070880651473999023e-01
-1.720485091209411621e-01
1.304753065109252930e+00
-7.818760871887207031e-01
6.002557873725891113e-01
3.676954284310340881e-02
1.029329419136047363e+00
-4.208805263042449951e-01
-1.850777119398117065e-02
-2.771222591400146484e-01
4.476616084575653076e-01
5.695785284042358398e-01
-8.761849403381347656e-01
-1.457463860511779785e+00
-1.208093538880348206e-01
-6.536565721035003662e-02
5.618488043546676636e-02
-2.618703804910182953e-02
-4.395144879817962646e-01
3.265377283096313477e-01
-7.657614946365356445e-01
1.292279005050659180e+00
-2.002452686429023743e-02
7.568039000034332275e-02
1.213115215301513672e+00
2.294337004423141479e-02
-3.972207903861999512e-01
-2.806147746741771698e-02
1.647280901670455933e-01
1.685215979814529419e-01
-2.192828059196472168e-01
-2.673154696822166443e-02
-1.241601467132568359e+00
2.071636170148849487e-01
-2.446316331624984741e-01
-1.342933416366577148e+00
-9.498938918113708496e-02
2.435791045427322388e-01
-3.677720725536346436e-01
3.912497460842132568e-01
9.652687609195709229e-02
1.223708763718605042e-01
7.251495122909545898e-01
-2.670965194702148438e-01
-4.079787135124206543e-01
2.536330521106719971e-01
1.068133473396301270e+00
1.245086431503295898e+00
2.797349542379379272e-02
8.701775223016738892e-02
2.022425457835197449e-02
5.035385489463806152e-01
4.953083768486976624e-02
1.817662641406059265e-02
-7.492622733116149902e-01
-7.258272171020507812e-01
-9.031709432601928711e-01
-2.052748203277587891e+00
3.340975344181060791e-01
-2.084770500659942627e-01
-3.075261600315570831e-02
-3.455697894096374512e-01
-2.369639426469802856e-01
9.566935300827026367e-01
7.035638093948364258e-01
8.388561755418777466e-02
-4.851548969745635986e-01
8.450750112533569336e-01
-2.611444145441055298e-02
1.163791060447692871e+00
-2.313796430826187134e-02
7.001810520887374878e-02
7.384839653968811035e-01
1.017182707786560059e+00
8.267057538032531738e-01
1.986229419708251953e-02
-8.495318889617919922e-01
-1.366819348186254501e-02
1.090905070304870605e+00
7.385647892951965332e-01
-8.045293092727661133e-01
-2.456848919391632080e-01
1.364202331751585007e-02
1.283682107925415039e+00
-3.186307251453399658e-01
-3.241264522075653076e-01
6.335681080818176270e-01
-2.626090496778488159e-02
-2.883039712905883789e-01
-2.048426866531372070e-01
-1.477606687694787979e-02
-7.196215540170669556e-02
6.437602043151855469e-01
2.811715379357337952e-02
3.121905624866485596e-01
-1.027920484542846680e+00
2.183341979980468750e-01
-2.284308075904846191e-01
1.526944618672132492e-02
4.522565379738807678e-02
3.632133901119232178e-01
2.070478945970535278e-01
1.012769788503646851e-01
-7.276689410209655762e-01
-6.917529106140136719e-01
6.702790260314941406e-01
2.638491988182067871e-01
-1.575332581996917725e-01
-3.312852978706359863e-02
-1.593829512596130371e+00
5.470823645591735840e-01
1.191640734672546387e+00
-1.423205137252807617e-01
-4.852084815502166748e-01
-3.127098828554153442e-02
-2.796842157840728760e-02
-6.856881827116012573e-02
1.258764266967773438e-01
2.189457714557647705e-01
-1.355325579643249512e-01
-6.604219228029251099e-02
-5.615866780281066895e-01
1.570666730403900146e-01
-7.114106416702270508e-02
3.275348544120788574e-01
4.064532816410064697e-01
2.685433030128479004e-01
2.843623459339141846e-01
-3.600530922412872314e-01
6.154845952987670898e-01
-3.539907336235046387e-01
1.425768971443176270e+00
-5.950067192316055298e-02
-1.244272142648696899e-01
4.161624908447265625e-01
1.308199465274810791e-01
-2.217931300401687622e-02
1.512133955955505371e+00
3.084003627300262451e-01
-2.660959959030151367e-01
-2.011951245367527008e-02
4.735866189002990723e-01
4.480151236057281494e-01
5.316675081849098206e-02
-2.483641654253005981e-01
-9.501549601554870605e-01
3.432032838463783264e-02
1.348522305488586426e+00
1.341142803430557251e-01
4.144957661628723145e-01
1.183488011360168457e+00
7.358806729316711426e-01
-2.196357771754264832e-02
6.791154146194458008e-01
-5.747110247611999512e-01
4.153211414813995361e-01
3.960938155651092529e-01
2.040301449596881866e-02
2.749498002231121063e-02
-4.332826733589172363e-01
-9.668812900781631470e-02
-7.572652101516723633e-01
1.159345656633377075e-01
-7.494246363639831543e-01
-6.623699665069580078e-01
1.288599967956542969e+00
5.589169263839721680e-01
-2.000089287757873535e-01
-4.589185118675231934e-02
8.220137357711791992e-01
-3.780808672308921814e-02
5.432568192481994629e-01
3.149336576461791992e-01
-5.453746318817138672e-01
-2.272789627313613892e-01
-1.960090637207031250e+00
1.266358256340026855e+00
1.479540579020977020e-02
1.256295572966337204e-02
8.882204294204711914e-01
-7.963266223669052124e-02
1.094099998474121094e+00
-6.927241683006286621e-01
-1.328932762145996094e+00
-3.566678166389465332e-01
-3.348821029067039490e-02
-1.651487126946449280e-02
-6.579532027244567871e-01
3.330691754817962646e-01
1.173217371106147766e-01
1.409289054572582245e-02
-4.768967032432556152e-01
-2.271018736064434052e-02
-1.922422498464584351e-01
-2.947241365909576416e-01
2.490222752094268799e-01
7.370740771293640137e-01
5.076293647289276123e-02
-1.219785690307617188e+00
3.091944754123687744e-01
-1.479516923427581787e-01
-4.372003674507141113e-01
5.266014337539672852e-01
-1.778644770383834839e-01
-6.905703991651535034e-02
-2.880602329969406128e-02
-3.635085746645927429e-02
-1.382293086498975754e-02
5.361693352460861206e-02
-5.053325295448303223e-01
-2.291993945837020874e-01
1.042480543255805969e-01
-1.120913475751876831e-01
6.500229239463806152e-01
1.394511908292770386e-01
5.636137127876281738e-01
1.335611790418624878e-01
-4.246556758880615234e-02
-1.645034179091453552e-02
-4.953675270080566406e-01
-2.004148997366428375e-02
-3.255416750907897949e-01
9.812380671501159668e-01
-3.191285207867622375e-02
-4.013125896453857422e-01
1.364141345024108887e+00
-2.908779382705688477e-01
2.718393504619598389e-01
9.960896372795104980e-01
1.820503622293472290e-01
4.033203125000000000e-01
-9.041718393564224243e-02
4.900653362274169922e-01
-1.476896647363901138e-02
-2.255666404962539673e-01
