-3.517830744385719299e-02
1.565245091915130615e-01
-2.520630061626434326e-01
7.463842630386352539e-01
4.162428975105285645e-01
-3.147513866424560547e+00
1.953545928001403809e+00
1.033978164196014404e-01
-9.485491514205932617e-01
1.641360819339752197e-01
-3.951293826103210449e-01
-2.382274866104125977e+00
7.855066657066345215e-02
1.981935203075408936e-01
4.752375483512878418e-01
6.877172738313674927e-02
-7.634845376014709473e-01
6.286914348602294922e-01
1.292830228805541992e+00
-8.092498183250427246e-01
5.725320577621459961e-01
-1.199314594268798828e+00
-1.434096097946166992e+00
3.286976814270019531e-01
-5.414912700653076172e-01
-1.624795675277709961e+00
-3.459884226322174072e-01
-1.044858813285827637e+00
6.265019774436950684e-01
4.071262180805206299e-01
3.115896582603454590e-01
-5.796068310737609863e-01
-7.541686892509460449e-01
-5.977597832679748535e-01
8.829959034919738770e-01
-5.765078663825988770e-01
9.405496120452880859e-01
7.692237943410873413e-02
2.334309965372085571e-01
1.342323184013366699e+00
1.999224275350570679e-01
2.773877382278442383e-01
4.794506430625915527e-01
-5.525264739990234375e-01
-7.186729311943054199e-01
-9.516858458518981934e-01
-1.470097452402114868e-01
-9.328497648239135742e-01
2.578489184379577637e-01
6.303024888038635254e-01
-2.439500093460083008e+00
-1.105313897132873535e-01
-9.311347603797912598e-01
-2.475718706846237183e-01
-1.568521976470947266e+00
-2.819092869758605957e-01
9.952487796545028687e-02
7.701172828674316406e-01
1.065273404121398926e+00
-8.387041687965393066e-01
-1.717868566513061523e+00
-1.834519624710083008e+00
-8.185186982154846191e-02
-1.580834627151489258e+00
1.652606874704360962e-01
-4.156420230865478516e-01
5.747222304344177246e-01
1.462209820747375488e+00
3.147561252117156982e-01
1.149360060691833496e+00
1.537534892559051514e-01
-1.677050113677978516e+00
-5.866072773933410645e-01
-1.026203989982604980e+00
-2.563283145427703857e-01
-6.786741614341735840e-01
2.004757165908813477e+00
-2.340687751770019531e+00
-2.421648025512695312e+00
8.206759691238403320e-01
2.202438831329345703e+00
6.452665477991104126e-02
-3.483093678951263428e-01
7.316177487373352051e-01
-1.443014025688171387e+00
-3.843123018741607666e-01
2.021326124668121338e-01
-1.272576332092285156e+00
-7.203623056411743164e-01
3.797853589057922363e-01
2.719960212707519531e-01
-6.222234964370727539e-01
-8.819440007209777832e-01
1.105019688606262207e+00
-1.511679053306579590e+00
-1.675575375556945801e+00
4.582037031650543213e-01
1.646668195724487305e+00
1.978075355291366577e-01
4.745682701468467712e-02
-1.706341743469238281e+00
-1.038699388504028320e+00
1.054884552955627441e+00
-6.744074225425720215e-01
-3.588046729564666748e-01
-2.186883687973022461e+00
6.905695796012878418e-01
9.705026149749755859e-01
4.202686846256256104e-01
5.834603905677795410e-01
-1.748254179954528809e+00
8.567610979080200195e-01
-2.846388339996337891e+00
-1.880530476570129395e+00
-1.680570095777511597e-01
1.005518913269042969e+00
-2.538028359413146973e-02
2.567188739776611328e+00
-2.132478475570678711e+00
-3.838493302464485168e-02
-1.820931434631347656e+00
-7.216378301382064819e-02
-6.831911802291870117e-01
-6.824538111686706543e-01
-1.509133458137512207e+00
-1.015387296676635742e+00
8.643144965171813965e-01
9.425486326217651367e-01
-1.792765259742736816e+00
2.271592617034912109e+00
-1.862621188163757324e+00
4.827983081340789795e-01
8.076184988021850586e-01
1.388127326965332031e+00
-1.021860122680664062e+00
1.013680219650268555e+00
-4.549491107463836670e-01
8.180729150772094727e-01
-1.499472111463546753e-01
4.675913155078887939e-01
1.432462811470031738e+00
-4.102167785167694092e-01
-2.929421365261077881e-01
1.965010315179824829e-01
-1.548384428024291992e+00
-8.514387011528015137e-01
2.507269978523254395e-01
2.145072937011718750e+00
-1.305276602506637573e-01
8.321951627731323242e-01
2.471716403961181641e-01
9.337087273597717285e-01
-4.297176599502563477e-01
4.256205558776855469e-01
2.276773005723953247e-01
-1.049549102783203125e+00
7.074099183082580566e-01
1.687688112258911133e+00
-1.516489982604980469e+00
-4.605969786643981934e-01
-9.055945873260498047e-01
-1.212989985942840576e-01
1.139718070626258850e-01
-1.106992721557617188e+00
1.889934778213500977e+00
4.974724650382995605e-01
-1.485503911972045898e+00
2.121760696172714233e-01
4.268950521945953369e-01
8.168887495994567871e-01
-6.222464442253112793e-01
-1.566592097282409668e+00
2.429892778396606445e+00
-6.378833055496215820e-01
2.429510653018951416e-01
-1.169890403747558594e+00
-1.724613308906555176e+00
-1.568060278892517090e+00
-1.128914117813110352e+00
2.238534241914749146e-01
7.631725817918777466e-02
1.170546889305114746e+00
2.243662357330322266e+00
-4.789571091532707214e-02
-7.331686615943908691e-01
4.660152196884155273e-01
7.877597957849502563e-02
-2.267377674579620361e-01
3.185198307037353516e-01
3.455083370208740234e-01
-1.426519870758056641e+00
3.934472501277923584e-01
1.137447714805603027e+00
5.803008079528808594e-01
-2.350337743759155273e+00
-2.903651893138885498e-01
-3.494379222393035889e-01
2.740708412602543831e-03
-1.242982506752014160e+00
-4.519004523754119873e-01
1.761117935180664062e+00
-1.281590700149536133e+00
-1.626139998435974121e+00
-4.612737894058227539e-01
9.168049693107604980e-01
-1.469184875488281250e+00
-3.424122929573059082e-01
-3.215267658233642578e-01
6.364957094192504883e-01
-1.680724695324897766e-02
8.252223134040832520e-01
-7.737255096435546875e-01
-1.252714395523071289e+00
-7.459251284599304199e-01
3.843291699886322021e-01
-9.104827046394348145e-01
8.646306395530700684e-01
1.025965452194213867e+00
1.434739232063293457e+00
-9.532219767570495605e-01
-1.201021745800971985e-01
-5.704109668731689453e-01
-5.361313819885253906e-01
1.017227888107299805e+00
6.421647071838378906e-01
-6.404920220375061035e-01
8.975858092308044434e-01
-7.320584058761596680e-01
-1.791620254516601562e-02
6.345465779304504395e-01
6.827691793441772461e-01
2.709123790264129639e-01
2.265542030334472656e+00
-7.101111412048339844e-01
-1.616660058498382568e-01
1.816603422164916992e+00
-3.771431148052215576e-01
-2.670717954635620117e+00
3.380089104175567627e-01
-1.003734707832336426e+00
9.004554152488708496e-01
-1.275749444961547852e+00
1.031097173690795898e+00
-6.843514274805784225e-03
5.780239105224609375e-01
-1.292320609092712402e+00
-8.074882030487060547e-01
2.945528030395507812e-01
2.123509198427200317e-01
4.834911227226257324e-01
-2.269120514392852783e-01
-9.620889425277709961e-01
1.212403178215026855e+00
2.016889333724975586e+00
-5.412494540214538574e-01
4.357532560825347900e-01
3.046584427356719971e-01
-1.216798186302185059e+00
6.809238195419311523e-01
-2.176877021789550781e+00
-4.429972171783447266e-01
-6.981475353240966797e-01
7.608221173286437988e-01
1.073766574263572693e-01
5.751002579927444458e-02
6.994242072105407715e-01
7.951539158821105957e-01
-2.216071844100952148e+00
-5.283030867576599121e-01
2.712922334671020508e+00
-2.183932304382324219e+00
-6.328710317611694336e-01
-1.327264308929443359e+00
-5.918456912040710449e-01
-1.275599956512451172e+00
4.730859696865081787e-01
-3.818315565586090088e-01
1.464796215295791626e-01
-1.538469910621643066e+00
-8.022934943437576294e-02
1.168117046356201172e+00
1.051946997642517090e+00
-5.501592755317687988e-01
-8.122602701187133789e-01
6.466266512870788574e-01
-1.656637549400329590e+00
2.326334476470947266e+00
-9.566066265106201172e-01
6.372295902110636234e-04
-4.194737076759338379e-01
2.478606104850769043e-01
5.379455685615539551e-01
-2.488631904125213623e-01
1.337477117776870728e-01
1.171846762299537659e-01
-1.666817665100097656e-01
4.967272877693176270e-01
-3.706758916378021240e-01
-4.080035388469696045e-01
-3.134596645832061768e-01
-6.874712705612182617e-01
1.703787446022033691e-01
-1.603334903717041016e+00
2.669499516487121582e-01
-1.006199240684509277e+00
-9.258919954299926758e-01
-1.629952341318130493e-01
3.293767273426055908e-01
1.348921179771423340e+00
3.697499036788940430e-01
-8.098008632659912109e-01
-1.199616432189941406e+00
5.142967700958251953e-01
-5.543273687362670898e-01
1.329481303691864014e-01
-1.948419362306594849e-01
-3.744698762893676758e-01
4.632028341293334961e-01
2.378384619951248169e-01
7.082182168960571289e-01
-1.603047132492065430e+00
2.759319841861724854e-01
-1.985550403594970703e+00
1.006708979606628418e+00
-3.961009085178375244e-01
1.901343911886215210e-01
-1.376712322235107422e+00
-5.688070058822631836e-01
6.823576986789703369e-02
-7.880865931510925293e-01
-5.948674678802490234e-01
-3.219656944274902344e-01
3.000409007072448730e-01
1.116106510162353516e+00
-5.951130986213684082e-01
1.558125019073486328e-01
-1.016909956932067871e+00
1.501758545637130737e-01
1.722058892250061035e+00
9.751815199851989746e-01
-1.342196106910705566e+00
5.339676141738891602e-01
4.543855190277099609e-01
6.261501908302307129e-01
-4.964850544929504395e-01
-5.902872681617736816e-01
-1.851179003715515137e+00
3.862579166889190674e-01
-1.596405357122421265e-01
-1.055336594581604004e+00
7.153912186622619629e-01
1.725564122200012207e+00
-1.019227355718612671e-01
-4.073993265628814697e-01
3.946466147899627686e-01
9.679212570190429688e-01
1.082657575607299805e+00
1.690089344978332520e+00
6.498271226882934570e-01
1.351498812437057495e-02
8.112741261720657349e-02
-1.835951805114746094e-01
-1.102196812629699707e+00
-4.288671910762786865e-01
-6.145455241203308105e-01
-1.605897247791290283e-01
2.689883410930633545e-01
-5.714421272277832031e-01
1.672938168048858643e-01
6.413391977548599243e-02
9.808742403984069824e-01
-3.412450850009918213e-01
4.754600226879119873e-01
3.482674360275268555e-01
-4.509422481060028076e-01
3.137212395668029785e-01
6.516691446304321289e-01
7.459710240364074707e-01
-1.869916200637817383e+00
4.673999845981597900e-01
-3.119333386421203613e-01
2.330889999866485596e-01
-3.795231282711029053e-01
4.194602072238922119e-01
1.239155530929565430e+00
1.362587690353393555e+00
-4.341987967491149902e-01
-7.327646017074584961e-01
2.847145497798919678e-01
2.789371907711029053e-01
6.142697930335998535e-01
3.844745457172393799e-01
-6.523259282112121582e-01
-5.080069303512573242e-01
-2.162000417709350586e+00
8.324673771858215332e-01
-1.316453814506530762e+00
1.232622146606445312e+00
1.302543878555297852e+00
3.024949073791503906e+00
1.531848013401031494e-01
-3.666777014732360840e-01
-1.464272737503051758e+00
1.054698899388313293e-01
8.513645529747009277e-01
-6.842293590307235718e-02
-5.846291314810514450e-03
6.385652422904968262e-01
-1.460455536842346191e+00
-1.089483574032783508e-01
-1.170278564095497131e-01
9.727147221565246582e-01
1.330617904663085938e+00
-4.145426750183105469e-01
1.521334171295166016e+00
7.085637748241424561e-02
6.605908870697021484e-01
3.748732805252075195e-01
1.163533404469490051e-01
7.268342375755310059e-01
-1.002552151679992676e+00
2.177039384841918945e-01
-7.775186896324157715e-01
-1.215936660766601562e+00
5.708730816841125488e-01
9.558864235877990723e-01
-1.889002203941345215e+00
1.203295826911926270e+00
-1.571675091981887817e-01
-1.799015045166015625e+00
1.645969510078430176e+00
5.356279611587524414e-01
-5.546637177467346191e-01
-2.175923585891723633e+00
-2.704648375511169434e-01
-9.593113064765930176e-01
-4.838058650493621826e-01
-4.111622273921966553e-01
-6.746063381433486938e-02
-1.119413375854492188e+00
1.066877722740173340e+00
5.746464133262634277e-01
-3.559845387935638428e-01
2.086553812026977539e+00
-1.245927929878234863e+00
-2.762382328510284424e-01
-2.705577574670314789e-02
6.757710576057434082e-01
4.657973349094390869e-01
2.169360637664794922e+00
7.249006032943725586e-01
2.647039175033569336e+00
1.193396002054214478e-01
8.263774961233139038e-02
-1.036996960639953613e+00
-1.072780728340148926e+00
1.289298057556152344e+00
1.757616519927978516e+00
2.674730420112609863e-01
-9.335940480232238770e-01
-8.436813354492187500e-01
1.256610155105590820e-01
-1.068602323532104492e+00
1.450708031654357910e+00
-7.946924567222595215e-01
-2.989969849586486816e-01
-1.093445539474487305e+00
-1.439237713813781738e+00
-2.198186367750167847e-01
-5.976526141166687012e-01
1.283764839172363281e-01
-7.924491167068481445e-01
-1.308305501937866211e+00
7.042427659034729004e-01
1.284381508827209473e+00
-6.709651947021484375e-01
-1.662617802619934082e+00
-1.159925460815429688e+00
1.867376804351806641e+00
-1.003591179847717285e+00
3.941226005554199219e-01
-1.454610228538513184e+00
1.704136133193969727e+00
-1.053837299346923828e+00
-1.299407601356506348e+00
1.023840665817260742e+00
1.415040969848632812e+00
-7.782019972801208496e-01
2.499768733978271484e+00
5.889309048652648926e-01
-2.935959815979003906e+00
2.370912395417690277e-02
1.065626263618469238e+00
-1.467815518379211426e+00
1.564321517944335938e+00
6.550620198249816895e-01
-3.062551617622375488e-01
8.820738196372985840e-01
4.001005589962005615e-01
5.899495482444763184e-01
4.122399389743804932e-01
-8.823327422142028809e-01
1.304895758628845215e+00
-1.368586778640747070e+00
-6.225348711013793945e-01
-3.966907858848571777e-01
-5.461823940277099609e-01
-8.266564011573791504e-01
3.325623571872711182e-01
1.106230497360229492e+00
-5.533636212348937988e-01
-3.676918745040893555e-01
1.168637275695800781e+00
-1.920663714408874512e+00
8.382367342710494995e-02
1.565219759941101074e+00
8.783295750617980957e-01
2.252359837293624878e-01
-9.178966879844665527e-01
-1.855886578559875488e+00
1.227663278579711914e+00
-1.408197879791259766e+00
-7.126380801200866699e-01
3.495242297649383545e-01
2.610511183738708496e-01
1.200613975524902344e+00
-3.517820835113525391e-01
-1.492188692092895508e+00
-2.511465251445770264e-01
7.300341725349426270e-01
-1.601973772048950195e-01
5.396932959556579590e-01
-9.778864979743957520e-01
-5.555585622787475586e-01
-1.533671379089355469e+00
-1.129468202590942383e+00
-5.866985917091369629e-01
1.600232243537902832e+00
4.860692620277404785e-01
1.209564566612243652e+00
-7.971267104148864746e-01
-1.386983394622802734e-01
1.855049610137939453e+00
-3.740606009960174561e-01
3.725701570510864258e-01
3.695058822631835938e-01
4.654839038848876953e-01
-1.474465012550354004e+00
4.609687626361846924e-01
-2.436165511608123779e-01
1.136086225509643555e+00
-6.942123174667358398e-02
-3.876583576202392578e-01
-1.171398878097534180e+00
1.809838414192199707e+00
5.303810238838195801e-01
6.440169811248779297e-01
-2.231997013092041016e+00
-1.381717443466186523e+00
2.312337160110473633e+00
-1.195597127079963684e-01
4.066152870655059814e-01
-2.251628637313842773e+00
4.091406762599945068e-01
-1.162210583686828613e+00
-1.825701832771301270e+00
1.889055371284484863e+00
-7.345224022865295410e-01
3.818043172359466553e-01
1.138482928276062012e+00
-2.161295890808105469e+00
1.672044515609741211e+00
-8.556789159774780273e-02
2.362574100494384766e+00
-1.816370606422424316e+00
2.875899970531463623e-01
-8.454274535179138184e-01
-1.361272215843200684e+00
-2.889658808708190918e-01
-3.256132304668426514e-01
-1.035711646080017090e+00
-2.934860885143280029e-01
1.479115128517150879e+00
1.124761223793029785e+00
-1.325965046882629395e+00
3.004580020904541016e+00
5.628344789147377014e-02
2.996273040771484375e+00
-7.590081691741943359e-01
7.455429434776306152e-02
-1.665539264678955078e+00
-4.820373356342315674e-01
-5.076310038566589355e-01
-7.934631705284118652e-01
-1.062245488166809082e+00
-5.692878365516662598e-01
7.006030082702636719e-01
-1.392723679542541504e+00
-2.326332330703735352e+00
6.263108253479003906e-01
-4.414174854755401611e-01
9.351773262023925781e-01
1.445752978324890137e+00
-3.232377469539642334e-01
4.644331336021423340e-01
3.224275112152099609e-01
9.566339850425720215e-01
1.301668405532836914e+00
5.507807731628417969e-01
-1.934310793876647949e+00
-1.080489158630371094e+00
1.080836355686187744e-01
9.087768942117691040e-02
-9.789164364337921143e-02
9.879681468009948730e-01
9.396058320999145508e-01
7.288505434989929199e-01
1.020797848701477051e+00
-7.942628264427185059e-01
5.782403349876403809e-01
-7.724668979644775391e-01
-7.543545961380004883e-01
-8.450086116790771484e-01
1.093508005142211914e+00
-9.055671691894531250e-01
-6.357858180999755859e-01
1.938129812479019165e-01
-1.146382808685302734e+00
-8.924201130867004395e-01
-1.169446825981140137e+00
-6.183713674545288086e-01
-2.737637609243392944e-02
5.470862388610839844e-01
-6.529237031936645508e-01
6.390396356582641602e-01
6.431905031204223633e-01
-1.339392662048339844e+00
1.813076287508010864e-01
-3.116128966212272644e-02
-4.083459675312042236e-01
-5.997623205184936523e-01
7.694116234779357910e-01
7.979565262794494629e-01
-1.434620857238769531e+00
-6.244189739227294922e-01
4.401957094669342041e-01
1.462614893913269043e+00
-1.702227234840393066e+00
1.837381839752197266e+00
9.476688504219055176e-01
-2.994167804718017578e-01
1.363716006278991699e+00
3.097531795501708984e-01
2.303437888622283936e-01
4.304946064949035645e-01
-7.781978249549865723e-01
-7.388219237327575684e-01
-4.939731061458587646e-01
-3.073402404785156250e+00
9.331831336021423340e-01
-9.213014245033264160e-01
6.355273127555847168e-01
5.168945193290710449e-01
5.883107781410217285e-01
-8.928928971290588379e-01
-1.198132276535034180e+00
-5.311332345008850098e-01
-3.255591392517089844e-01
3.246113955974578857e-01
4.557530283927917480e-01
3.800667822360992432e-02
-4.270107746124267578e-01
2.527273178100585938e+00
-1.140822768211364746e+00
1.412088155746459961e+00
-8.729336857795715332e-01
1.460679769515991211e+00
-5.068704485893249512e-01
-1.797820210456848145e+00
-9.597868323326110840e-01
-1.358052492141723633e+00
-3.435213565826416016e-01
1.237709045410156250e+00
-5.674071907997131348e-01
-3.421953678131103516e+00
-1.648387193679809570e+00
-1.389437794685363770e+00
-1.227824911475181580e-01
-4.373080432415008545e-01
1.650338649749755859e+00
-2.529373019933700562e-02
7.226754426956176758e-01
-1.908271387219429016e-02
-1.092159390449523926e+00
-2.600962817668914795e-01
-9.198769927024841309e-02
-1.558373212814331055e+00
2.278178930282592773e+00
-1.213553026318550110e-01
-8.956954628229141235e-02
-7.022593021392822266e-01
-1.382276296615600586e+00
2.814474105834960938e-01
9.810301065444946289e-01
1.089291334152221680e+00
-7.365736365318298340e-01
-3.386771380901336670e-01
7.673456072807312012e-01
-1.830940544605255127e-01
-1.493732571601867676e+00
-5.986788868904113770e-01
1.039103388786315918e+00
1.315174102783203125e-01
7.555058598518371582e-02
-7.159625291824340820e-01
1.017620921134948730e+00
-6.804484874010086060e-02
-4.403063952922821045e-01
-4.976826012134552002e-01
-1.049298882484436035e+00
4.657200574874877930e-01
-2.063833475112915039e+00
1.598605394363403320e+00
3.318085968494415283e-01
3.615063428878784180e-01
-8.126699924468994141e-01
4.093076884746551514e-01
-1.323754549026489258e+00
5.750591754913330078e-01
-6.948589086532592773e-01
8.708541393280029297e-01
3.230865895748138428e-01
1.142500996589660645e+00
2.981552481651306152e-01
1.784242838621139526e-01
8.609669804573059082e-01
6.335371136665344238e-01
-7.286359071731567383e-01
7.276952266693115234e-01
-7.392235994338989258e-01
-5.005218386650085449e-01
3.111990094184875488e-01
-1.065323948860168457e+00
1.766087770462036133e+00
1.916335582733154297e+00
-7.064431905746459961e-01
-5.494211912155151367e-01
7.203178405761718750e-01
3.970213234424591064e-01
1.509966254234313965e-01
-1.045486405491828918e-01
-6.104730069637298584e-02
-1.238274216651916504e+00
6.321586966514587402e-01
-1.263820845633745193e-02
7.671103477478027344e-01
-2.177985012531280518e-01
5.511763095855712891e-01
-6.544197201728820801e-01
-8.120487332344055176e-01
1.632439374923706055e+00
-1.548647880554199219e-01
2.537252008914947510e-01
1.174401044845581055e+00
-5.087179541587829590e-01
-1.562066912651062012e+00
4.083102941513061523e-01
1.168713450431823730e+00
1.205819725990295410e+00
-1.425419151782989502e-01
1.031700000166893005e-01
1.004876732826232910e+00
6.180382966995239258e-01
5.772215723991394043e-01
-3.729718327522277832e-01
1.468940734863281250e+00
-3.570592701435089111e-01
-4.804538935422897339e-02
-6.570894122123718262e-01
-1.621819138526916504e+00
1.740203022956848145e+00
1.334751248359680176e+00
1.737743735313415527e+00
-9.079011678695678711e-01
-2.771348655223846436e-01
-1.120968088507652283e-01
8.382979035377502441e-01
1.074506282806396484e+00
-3.748353123664855957e-01
-5.818598270416259766e-01
7.726076841354370117e-01
-3.842267990112304688e-01
-9.951927065849304199e-01
-1.196361780166625977e+00
8.671780824661254883e-01
1.179664611816406250e+00
-6.706888079643249512e-01
3.016615509986877441e-01
1.882248997688293457e+00
1.474641799926757812e+00
1.036425307393074036e-01
1.958699107170104980e+00
7.241893410682678223e-01
1.570332050323486328e-01
1.404679566621780396e-01
-4.642746150493621826e-01
2.539875209331512451e-01
-5.024985671043395996e-01
-1.734649062156677246e+00
1.151463270187377930e+00
-9.898276925086975098e-01
-3.600951135158538818e-01
4.063152968883514404e-01
-1.124635338783264160e-01
-4.348833560943603516e-01
6.293899416923522949e-01
9.118573740124702454e-03
-4.543317556381225586e-01
1.477984070777893066e+00
-1.814750909805297852e+00
6.402087211608886719e-01
7.312090396881103516e-01
1.818310767412185669e-01
-3.901982605457305908e-01
-9.468067288398742676e-01
5.664484500885009766e-01
5.153887867927551270e-01
1.205256655812263489e-01
9.503901004791259766e-01
3.156554102897644043e-01
4.681595265865325928e-01
5.377489700913429260e-02
-7.090123891830444336e-01
-9.511183947324752808e-02
5.584482550621032715e-01
-2.464403212070465088e-01
-6.858617067337036133e-01
7.889509797096252441e-01
-7.589993476867675781e-01
-6.412374377250671387e-01
3.648487627506256104e-01
-3.888814151287078857e-01
3.439784049987792969e-01
-7.967072725296020508e-02
7.042798399925231934e-01
5.637269020080566406e-01
-1.154605031013488770e+00
1.293826341629028320e+00
-8.506529331207275391e-01
-4.664243161678314209e-01
7.732589244842529297e-01
-1.229058146476745605e+00
5.110464692115783691e-01
5.951002240180969238e-01
7.053400874137878418e-01
-6.878816485404968262e-01
2.033031463623046875e+00
1.375620484352111816e+00
1.548688769340515137e+00
-9.544983506202697754e-01
-4.192690551280975342e-01
-1.165102362632751465e+00
7.408901453018188477e-01
-1.545436263084411621e+00
5.948024988174438477e-01
-6.015015840530395508e-01
-2.245193347334861755e-02
9.545365571975708008e-01
9.722137451171875000e-01
3.320352137088775635e-01
9.994722604751586914e-01
7.329478859901428223e-01
-1.401262879371643066e-01
1.301396727561950684e+00
-8.054554462432861328e-02
1.622489541769027710e-01
5.268838405609130859e-01
1.686476826667785645e+00
1.059805989265441895e+00
8.605317026376724243e-02
4.943976700305938721e-01
-8.547679185867309570e-01
8.598343133926391602e-01
1.604358553886413574e-01
7.655413150787353516e-01
-6.482536345720291138e-02
1.439839601516723633e-01
1.156297087669372559e+00
2.772045433521270752e-01
-1.252325296401977539e+00
2.279525846242904663e-01
-1.179067492485046387e+00
1.833920925855636597e-01
-4.334340393543243408e-01
-1.240175664424896240e-01
1.273285388946533203e+00
-1.457400441169738770e+00
-8.510358333587646484e-01
-1.733501441776752472e-02
-2.058256387710571289e+00
-9.392515420913696289e-01
4.156785905361175537e-01
-9.906415939331054688e-01
-1.993169069290161133e+00
4.213206470012664795e-01
-9.958048909902572632e-02
2.100709378719329834e-01
-3.026008903980255127e-01
6.102911829948425293e-01
1.029019713401794434e+00
1.112590312957763672e+00
7.290290594100952148e-01
2.177127122879028320e+00
7.390574216842651367e-01
2.357013076543807983e-01
-4.763075709342956543e-01
-3.301305174827575684e-01
1.538306325674057007e-01
-4.625179767608642578e-01
1.048209547996520996e+00
8.610036373138427734e-01
1.112039089202880859e+00
1.753026247024536133e+00
9.826537966728210449e-01
-4.805867373943328857e-01
-2.299302816390991211e-02
3.492683768272399902e-01
3.557164967060089111e-01
1.704086810350418091e-01
1.008018136024475098e+00
5.978844165802001953e-01
8.811845183372497559e-01
-4.791686236858367920e-01
1.432498544454574585e-01
1.606670141220092773e+00
-2.996496483683586121e-02
-6.747871041297912598e-01
-3.077804483473300934e-02
2.185766100883483887e-01
-4.240992069244384766e-01
-7.258478403091430664e-01
-6.664206981658935547e-01
7.310786843299865723e-01
2.576271891593933105e-01
4.472236335277557373e-01
2.307710409164428711e+00
7.677554488182067871e-01
4.214763045310974121e-01
-1.510985791683197021e-01
9.855998158454895020e-01
-1.281767487525939941e+00
1.149428367614746094e+00
-7.746734023094177246e-01
-5.375634431838989258e-01
-8.112540841102600098e-01
-8.823658525943756104e-02
7.530422806739807129e-01
-8.303728103637695312e-01
-8.541816473007202148e-01
1.563844323158264160e+00
-5.126501917839050293e-01
9.316998720169067383e-01
1.884797453880310059e+00
2.812297344207763672e-01
-1.885912567377090454e-01
8.883160948753356934e-01
-1.346554517745971680e+00
1.319962501525878906e+00
-2.221164941787719727e+00
5.862002968788146973e-01
2.418291419744491577e-01
5.511298775672912598e-01
-1.145687341690063477e+00
6.327165365219116211e-01
-3.457272648811340332e-01
-6.530328392982482910e-01
2.119329273700714111e-01
-6.750356554985046387e-01
-5.230555534362792969e-01
-5.021423101425170898e-01
1.099402531981468201e-01
3.848472535610198975e-01
9.161888360977172852e-01
-6.617134064435958862e-02
4.769962131977081299e-01
1.106410026550292969e+00
2.699641883373260498e-01
1.174334168434143066e+00
-1.778047829866409302e-01
6.534449458122253418e-01
-5.711576342582702637e-01
-6.407677531242370605e-01
-3.796210587024688721e-01
-4.950274825096130371e-01
1.949450224637985229e-01
3.314762413501739502e-01
1.923117488622665405e-01
7.755775004625320435e-02
4.564960598945617676e-01
1.210661649703979492e+00
-1.366605758666992188e-01
-1.175571978092193604e-01
-1.001772880554199219e+00
-1.022066712379455566e+00
8.123242855072021484e-01
7.334402203559875488e-02
-4.928723573684692383e-01
9.473384022712707520e-01
-1.328062534332275391e+00
-9.130549430847167969e-01
1.782968878746032715e+00
-1.079638719558715820e+00
4.738317430019378662e-01
1.077055215835571289e+00
9.082943797111511230e-01
1.409184694290161133e+00
-8.982132077217102051e-01
1.479077577590942383e+00
1.300294876098632812e+00
5.685536861419677734e-01
1.067007422447204590e+00
1.628116518259048462e-01
7.947102785110473633e-01
1.485411763191223145e+00
-1.249161481857299805e+00
-9.371041655540466309e-01
-4.746292531490325928e-02
1.538496166467666626e-01
-1.158800005912780762e+00
-3.151466324925422668e-02
2.927803099155426025e-01
1.055926159024238586e-01
-1.038815975189208984e+00
3.294719755649566650e-01
-6.636084318161010742e-01
-3.422420918941497803e-01
3.832528889179229736e-01
-1.003563761711120605e+00
1.536617636680603027e+00
-5.253857374191284180e-01
1.211842060089111328e+00
1.479869961738586426e+00
2.129609286785125732e-01
4.105739668011665344e-02
-1.186556696891784668e+00
-1.807349205017089844e+00
4.729306101799011230e-01
3.028341829776763916e-01
2.213680982589721680e+00
3.545413315296173096e-01
1.533939599990844727e+00
-8.694974780082702637e-01
-4.801426231861114502e-01
-5.632933378219604492e-01
1.347524046897888184e+00
-3.607799112796783447e-01
2.653712034225463867e+00
-6.347650885581970215e-01
2.807858586311340332e-01
-7.759029865264892578e-01
-7.817771434783935547e-01
5.635164976119995117e-01
-4.362058639526367188e-01
-1.566014170646667480e+00
1.033541679382324219e+00
3.210572898387908936e-01
-2.951899915933609009e-02
6.170278787612915039e-01
7.758374214172363281e-01
-1.070162892341613770e+00
2.314524501562118530e-01
-1.045979976654052734e+00
1.767113089561462402e+00
2.292310476303100586e+00
-1.119783997535705566e+00
-2.769384980201721191e-01
1.465404331684112549e-01
-5.760315656661987305e-01
-4.238488376140594482e-01
-6.706064194440841675e-02
4.235376790165901184e-02
9.233364462852478027e-02
-3.796532452106475830e-01
6.415039300918579102e-01
1.439655780792236328e+00
-1.229699134826660156e+00
-1.428167939186096191e+00
-6.115604639053344727e-01
1.480798363685607910e+00
-1.272779464721679688e+00
2.555424273014068604e-01
-2.314128875732421875e+00
-4.778636395931243896e-01
8.824220895767211914e-01
8.725930452346801758e-01
2.109074443578720093e-01
-7.898298092186450958e-03
-1.472107917070388794e-01
-5.416941642761230469e-01
-8.656940460205078125e-01
-5.385612323880195618e-02
-4.986004233360290527e-01
-7.385857701301574707e-01
9.360648989677429199e-01
2.477809429168701172e+00
2.896999418735504150e-01
-1.178624391555786133e+00
5.947621464729309082e-01
-1.192459650337696075e-02
-1.598908782005310059e+00
4.812444448471069336e-01
-8.699325323104858398e-01
2.905492782592773438e-01
-3.466592133045196533e-01
2.140861749649047852e+00
-1.423893451690673828e+00
-5.775876715779304504e-02
-6.993123888969421387e-01
-9.544773697853088379e-01
3.650740087032318115e-01
-4.804307818412780762e-01
-3.187930583953857422e-01
8.266965150833129883e-01
8.868878483772277832e-01
-2.521696329116821289e+00
-9.192932248115539551e-01
9.238876700401306152e-01
4.116510152816772461e-01
2.654187917709350586e+00
8.373639583587646484e-01
1.310798406600952148e+00
-2.402075529098510742e-01
-1.595741629600524902e+00
4.440569281578063965e-01
5.764129012823104858e-02
8.322431445121765137e-01
2.929345667362213135e-01
1.117329239845275879e+00
-8.219882249832153320e-01
2.354585677385330200e-01
-2.200101912021636963e-01
-2.767813503742218018e-01
7.903859615325927734e-01
-1.449503183364868164e+00
-7.182926535606384277e-01
-6.906887888908386230e-01
-1.089053392410278320e+00
-1.916435360908508301e+00
1.027857661247253418e+00
-2.011208295822143555e+00
4.504055678844451904e-01
1.820328950881958008e+00
1.108243703842163086e+00
-7.400052547454833984e-01
-8.896897435188293457e-01
2.289562486112117767e-02
-1.351829767227172852e+00
6.150152087211608887e-01
-2.250843524932861328e+00
-7.942172288894653320e-01
-1.967731118202209473e-01
-7.433702796697616577e-02
-5.793609619140625000e-01
4.630841612815856934e-01
-4.374470710754394531e-01
1.043038845062255859e+00
-1.053708434104919434e+00
-8.373817801475524902e-01
-5.842336267232894897e-02
-4.782581701874732971e-02
-4.911587834358215332e-01
-3.593218028545379639e-01
3.033968508243560791e-01
-1.083909392356872559e+00
1.430986404418945312e+00
2.661747932434082031e-01
-7.299119234085083008e-01
-2.061839818954467773e+00
4.364819526672363281e-01
1.734599471092224121e+00
1.433442234992980957e+00
2.319967746734619141e-01
5.448579192161560059e-01
-1.143065214157104492e+00
-5.888459086418151855e-01
2.408822029829025269e-01
-1.947237402200698853e-01
-2.445708513259887695e+00
5.350247025489807129e-01
-2.562821507453918457e-01
1.133590102195739746e+00
1.292509555816650391e+00
-1.556810975074768066e+00
9.163536429405212402e-01
5.430979728698730469e-01
-1.009468078613281250e+00
1.102653369307518005e-01
1.750918030738830566e-01
1.132372319698333740e-01
-6.844429373741149902e-01
-2.959368526935577393e-01
1.529340267181396484e+00
-1.113375306129455566e+00
1.027895331382751465e+00
-6.802525836974382401e-03
5.161291956901550293e-01
-1.642109453678131104e-02
4.047937989234924316e-01
1.802535891532897949e+00
1.184652447700500488e-01
-5.462190508842468262e-01
1.408004164695739746e+00
1.400944143533706665e-01
2.895919084548950195e-01
1.720437288284301758e+00
-1.162121653556823730e+00
-3.848287165164947510e-01
-1.208833932876586914e+00
2.571006119251251221e-01
3.561146259307861328e-01
2.102880954742431641e+00
-1.645076870918273926e+00
2.052501440048217773e+00
-1.524742543697357178e-01
-1.444170236587524414e+00
-5.278890132904052734e-01
1.135160624980926514e-01
-3.242433071136474609e-01
2.209310829639434814e-01
1.762374401092529297e+00
1.781808972358703613e+00
2.645532488822937012e-01
2.676052093505859375e+00
-1.105937957763671875e+00
5.708380937576293945e-01
3.222256526350975037e-02
-2.174059003591537476e-01
-5.203937292098999023e-01
1.147190570831298828e+00
-2.998223342001438141e-02
6.700764298439025879e-01
7.102330327033996582e-01
1.670396327972412109e+00
-1.171868562698364258e+00
-1.062733650207519531e+00
5.233932137489318848e-01
5.041383504867553711e-01
-2.879443764686584473e-01
1.690251529216766357e-01
1.241424083709716797e+00
4.878468513488769531e-01
-2.903185188770294189e-01
7.747250199317932129e-01
1.172943711280822754e+00
-6.117867827415466309e-01
-1.957084774971008301e+00
9.053943753242492676e-01
-1.195757314562797546e-01
-1.665882706642150879e+00
-9.687089174985885620e-02
9.929572939872741699e-01
-1.140539050102233887e+00
-4.212431311607360840e-01
1.176254749298095703e+00
2.956996858119964600e-01
8.132028579711914062e-01
2.764812111854553223e-01
2.762166783213615417e-02
-2.529558837413787842e-01
1.991460621356964111e-01
-3.784601390361785889e-01
-8.235163092613220215e-01
6.741700172424316406e-01
-7.971569299697875977e-01
-1.609086394309997559e+00
-4.924072623252868652e-01
1.100705005228519440e-02
8.685263991355895996e-01
-2.000308036804199219e+00
-1.148912191390991211e+00
-2.387243807315826416e-01
-3.180018067359924316e-01
2.030971050262451172e+00
1.461751937866210938e+00
3.525647521018981934e-01
1.177742838859558105e+00
-1.455848932266235352e+00
1.743676811456680298e-01
1.584594547748565674e-01
3.720720112323760986e-01
8.635362386703491211e-01
8.149086833000183105e-01
-6.178525090217590332e-01
9.542651772499084473e-01
2.137810587882995605e-01
8.631684184074401855e-01
1.259236931800842285e+00
-7.115598022937774658e-02
-4.753284752368927002e-01
-6.615266799926757812e-01
9.764939546585083008e-02
4.564417600631713867e-01
-1.057909056544303894e-01
-2.297641187906265259e-01
7.504193186759948730e-01
-7.047424912452697754e-01
-1.646568894386291504e+00
-1.170736908912658691e+00
7.645899653434753418e-01
1.114433765411376953e+00
2.481505632400512695e+00
-1.075206279754638672e+00
-1.985649108886718750e+00
-1.274183630943298340e+00
1.340518593788146973e+00
1.022063374519348145e+00
-3.919680416584014893e-01
7.935169935226440430e-01
7.947728037834167480e-02
-8.306748270988464355e-01
5.208674669265747070e-01
-1.479726433753967285e+00
-5.581061840057373047e-01
6.750720143318176270e-01
1.740494966506958008e+00
-7.719560861587524414e-01
-2.323010563850402832e-02
1.741992235183715820e+00
5.430584549903869629e-01
2.404049783945083618e-01
-4.102164804935455322e-01
-1.904497027397155762e+00
8.914883136749267578e-01
8.143301606178283691e-01
-1.571017861366271973e+00
-3.271895647048950195e-01
9.499965608119964600e-02
-3.373863995075225830e-01
1.370354771614074707e+00
-3.940638303756713867e-01
4.718522429466247559e-01
-1.278000593185424805e+00
1.142784118652343750e+00
-1.334011673927307129e+00
4.207933545112609863e-01
7.709503173828125000e-01
1.417706131935119629e+00
7.147903442382812500e-01
2.396060943603515625e+00
-3.034984469413757324e-01
7.049788236618041992e-01
5.624321699142456055e-01
-2.078118085861206055e+00
-2.870927751064300537e-01
-5.239583253860473633e-01
-1.362257003784179688e+00
-9.780839085578918457e-01
-1.502223730087280273e+00
-3.792640268802642822e-01
-4.983947277069091797e-01
2.283897638320922852e+00
-3.145001828670501709e-01
-3.278860747814178467e-01
1.098088100552558899e-01
9.433720707893371582e-01
1.156317353248596191e+00
4.922944307327270508e-01
-6.587158143520355225e-02
3.824264705181121826e-01
2.192850261926651001e-01
2.947174310684204102e-01
4.787769913673400879e-01
-1.004640221595764160e+00
6.668482422828674316e-01
-5.310399532318115234e-01
7.020126581192016602e-01
-2.715612351894378662e-01
7.645477652549743652e-01
-7.817367315292358398e-01
8.341825604438781738e-01
1.095630288124084473e+00
2.905943870544433594e+00
-3.962642252445220947e-01
1.875243425369262695e+00
7.086060643196105957e-01
-1.720794290304183960e-01
-1.232784390449523926e+00
-1.704509854316711426e-01
-6.547647714614868164e-01
-4.814571738243103027e-01
-1.992866396903991699e+00
-3.670660257339477539e-01
-1.163365393877029419e-01
-2.906422019004821777e-01
7.912706136703491211e-01
1.239521950483322144e-01
2.838148176670074463e-01
-1.536834686994552612e-01
1.091230750083923340e+00
2.250301837921142578e+00
-1.440427154302597046e-01
-7.832267880439758301e-01
-4.855501651763916016e-01
3.605343103408813477e-01
1.767552256584167480e+00
-8.526241779327392578e-01
-7.537794113159179688e-01
-1.169174194335937500e+00
1.319119930267333984e+00
1.887468338012695312e+00
-8.878345042467117310e-02
-8.986734151840209961e-01
3.282920598983764648e+00
4.355456531047821045e-01
-1.433606505393981934e+00
-5.931692719459533691e-01
8.353343605995178223e-01
-2.613832354545593262e-01
-1.980735063552856445e+00
-1.278024554252624512e+00
-1.833884835243225098e+00
-3.949322700500488281e-01
6.601175665855407715e-01
-4.781269133090972900e-01
1.425337195396423340e+00
1.106879591941833496e+00
1.540191292762756348e+00
-4.967496097087860107e-01
-3.693867623805999756e-01
3.465776443481445312e-01
-2.054791338741779327e-02
-1.517732620239257812e+00
1.813517957925796509e-01
5.291160345077514648e-01
2.750227749347686768e-01
2.062275260686874390e-01
-6.442517638206481934e-01
1.305407881736755371e+00
4.559500515460968018e-02
-1.043620109558105469e+00
-3.894607722759246826e-01
-2.663724124431610107e-01
7.254084348678588867e-01
4.857428371906280518e-01
4.369557201862335205e-01
2.278188467025756836e+00
1.406218409538269043e+00
5.577870011329650879e-01
-1.167101502418518066e+00
-1.802902668714523315e-01
-1.443290114402770996e+00
1.588965177536010742e+00
3.408341109752655029e-01
2.645461857318878174e-01
3.014983654022216797e+00
-5.415622591972351074e-01
-8.908066153526306152e-01
-4.250267054885625839e-03
-8.562249541282653809e-01
-2.119606882333755493e-01
-1.474568128585815430e+00
6.761306524276733398e-01
-3.703453242778778076e-01
-5.219765473157167435e-03
3.635106086730957031e-01
-8.359103798866271973e-01
-5.007377266883850098e-02
1.262619495391845703e+00
-3.300874829292297363e-01
-8.879113197326660156e-01
-1.055373072624206543e+00
1.495867252349853516e+00
1.152046203613281250e+00
4.902281761169433594e-01
1.518869757652282715e+00
-6.453438997268676758e-01
6.011078357696533203e-01
6.168529018759727478e-02
-1.123266577720642090e+00
-5.346381664276123047e-01
4.340039566159248352e-02
-9.690823554992675781e-01
-3.833951056003570557e-01
1.244241833686828613e+00
1.673202037811279297e+00
-3.512706160545349121e-01
-1.297863602638244629e+00
-1.732898950576782227e-01
2.114644199609756470e-01
-4.640701115131378174e-01
-1.273025631904602051e+00
-1.015652537345886230e+00
1.284049630165100098e+00
-5.566362142562866211e-01
-8.133572340011596680e-01
-1.604973912239074707e+00
3.135796189308166504e-01
4.098773002624511719e-01
2.276360541582107544e-01
1.548951119184494019e-01
-5.546140670776367188e-01
-2.703794836997985840e-01
-1.470931410789489746e+00
-1.044879436492919922e+00
8.770094066858291626e-02
-1.187587618827819824e+00
-3.634248375892639160e-01
2.126160115003585815e-01
-7.103815078735351562e-01
2.389475852251052856e-01
8.427704870700836182e-02
-3.657512068748474121e-01
-6.087829470634460449e-01
-7.704479098320007324e-01
1.729625582695007324e+00
-5.490149259567260742e-01
6.995798349380493164e-01
1.875533312559127808e-01
5.901347994804382324e-01
7.531871795654296875e-01
-1.419624447822570801e+00
-1.727672815322875977e-01
6.114080548286437988e-02
1.323206067085266113e+00
-7.300382852554321289e-02
-3.435650169849395752e-01
1.221371531486511230e+00
3.653352260589599609e-01
-7.716025710105895996e-01
-6.897971630096435547e-01
-2.733414173126220703e-01
1.308113574981689453e+00
8.480645418167114258e-01
1.347563713788986206e-01
-2.471247434616088867e+00
6.734358519315719604e-02
5.369448661804199219e-01
2.890311740338802338e-02
5.515979528427124023e-01
-6.320985555648803711e-01
7.366561889648437500e-01
-4.229638576507568359e-01
-9.491892457008361816e-01
1.996050357818603516e+00
-1.155472040176391602e+00
6.573178172111511230e-01
-3.334764838218688965e-01
-5.345216989517211914e-01
9.155241250991821289e-01
-8.150523900985717773e-01
2.067290842533111572e-01
1.122384309768676758e+00
-3.356508016586303711e-01
-1.139948010444641113e+00
7.586417198181152344e-01
-5.490112304687500000e-01
6.774264574050903320e-02
-4.944069087505340576e-01
-1.322357356548309326e-01
2.044268995523452759e-01
5.591310858726501465e-01
1.962470412254333496e+00
2.874108552932739258e-01
1.305722355842590332e+00
-1.022081732749938965e+00
-3.504793345928192139e-01
1.687042832374572754e+00
6.695479750633239746e-01
-1.455477952957153320e+00
-1.457886993885040283e-01
-1.092144966125488281e+00
-6.515503525733947754e-01
-1.225566770881414413e-02
4.286312162876129150e-01
6.174542903900146484e-01
-6.948128342628479004e-01
-1.117538213729858398e-01
1.450616955757141113e+00
4.333268105983734131e-01
6.514825224876403809e-01
-6.533544659614562988e-01
-3.221341073513031006e-01
7.638767361640930176e-01
-7.195352911949157715e-01
8.091064691543579102e-01
-2.658818066120147705e-01
-2.887075766921043396e-02
7.845696210861206055e-01
6.835911870002746582e-01
2.814031839370727539e+00
1.904067993164062500e-01
-1.212567448616027832e+00
-8.628610372543334961e-01
4.831867218017578125e-01
-4.427661299705505371e-01
1.711438179016113281e+00
5.033650398254394531e-01
4.314689338207244873e-01
-9.822384119033813477e-01
8.334506750106811523e-01
7.962662577629089355e-01
2.008767127990722656e+00
-5.479125380516052246e-01
1.002716898918151855e+00
-4.528633654117584229e-01
-1.180675983428955078e+00
-1.011297941207885742e+00
-1.417863607406616211e+00
-8.027001023292541504e-01
5.399051308631896973e-01
2.132550179958343506e-01
-3.468985855579376221e-01
7.513541579246520996e-01
-5.954116582870483398e-01
1.280206203460693359e+00
-2.247978001832962036e-01
2.682755589485168457e-01
-1.508421182632446289e+00
-4.345218185335397720e-03
-3.301208913326263428e-01
-9.919255040585994720e-03
7.872449755668640137e-01
6.155593395233154297e-01
1.677922844886779785e+00
-4.018635153770446777e-01
-2.530768513679504395e-01
-1.734284758567810059e-01
1.737428188323974609e+00
3.115943074226379395e-01
-6.652363389730453491e-02
-2.640171051025390625e-01
-7.560095191001892090e-01
1.337134480476379395e+00
-6.323292851448059082e-01
5.681363344192504883e-01
5.346514582633972168e-01
5.050301551818847656e-01
2.271355837583541870e-01
2.040807247161865234e+00
-2.830134630203247070e-01
-5.838106274604797363e-01
-5.499035120010375977e-01
-5.128794908523559570e-01
-9.465367197990417480e-01
-2.799961864948272705e-01
2.533065974712371826e-01
8.468695282936096191e-01
1.086655855178833008e+00
2.781584113836288452e-02
-4.844885468482971191e-01
2.167416572570800781e+00
-1.223370194435119629e+00
1.334018111228942871e+00
-7.499546408653259277e-01
-9.304006099700927734e-01
2.832001745700836182e-01
1.230937480926513672e+00
1.099192976951599121e+00
-1.148553013801574707e+00
4.097212553024291992e-01
-1.710856318473815918e+00
-1.078897237777709961e+00
-1.914720535278320312e+00
-7.703996263444423676e-03
-1.288050413131713867e+00
-1.032765746116638184e+00
2.206104546785354614e-01
1.913712382316589355e+00
-1.665409803390502930e+00
8.784295618534088135e-02
8.658413290977478027e-01
1.083881497383117676e+00
4.956165850162506104e-01
-1.755479574203491211e+00
7.566192746162414551e-02
1.032501459121704102e+00
-2.026210278272628784e-01
-1.366552352905273438e+00
8.974107503890991211e-01
8.707097768783569336e-01
-3.942166566848754883e-01
-2.218395471572875977e+00
6.666911244392395020e-01
-1.635001897811889648e-01
-3.066280782222747803e-01
-7.582283020019531250e-01
-4.379554688930511475e-01
-1.065786838531494141e+00
-1.075688004493713379e+00
-9.918005466461181641e-01
-2.366900891065597534e-01
4.110972881317138672e-01
-1.660650372505187988e+00
-6.358641982078552246e-01
1.830833107233047485e-01
-3.679829835891723633e-01
8.485273718833923340e-01
7.761467695236206055e-01
-8.698927760124206543e-01
-2.151513695716857910e-01
-1.184662461280822754e+00
-1.497287034988403320e+00
4.210333228111267090e-01
4.173108935356140137e-01
1.653731346130371094e+00
1.716794967651367188e+00
3.554929494857788086e-01
-1.571050524711608887e+00
1.646779179573059082e+00
7.423141598701477051e-01
1.217777848243713379e+00
-4.387820065021514893e-01
-6.753595471382141113e-01
1.362950921058654785e+00
-4.742612838745117188e-01
3.683783113956451416e-02
1.144110918045043945e+00
2.248681336641311646e-01
6.542605757713317871e-01
-4.644414484500885010e-01
-2.312144935131072998e-01
1.159697771072387695e+00
-2.403984069824218750e-01
5.964238047599792480e-01
4.384725093841552734e-01
-1.182108297944068909e-01
-1.307086467742919922e+00
-7.345744967460632324e-01
6.657108664512634277e-02
-2.066075354814529419e-01
-1.767309755086898804e-01
1.055944040417671204e-01
-8.730792999267578125e-01
1.731281280517578125e+00
3.503228425979614258e-01
2.151341885328292847e-01
1.864334940910339355e+00
4.361631870269775391e-01
3.563160598278045654e-01
4.987839460372924805e-01
1.686799526214599609e+00
-7.035908699035644531e-01
4.867494106292724609e-01
2.432272434234619141e-01
8.690103292465209961e-01
-4.346461892127990723e-01
2.391328364610671997e-01
-4.045842885971069336e-01
-1.028264388442039490e-01
-1.565329432487487793e+00
-1.214505210518836975e-01
4.641271829605102539e-01
5.835874080657958984e-01
-1.444162487983703613e+00
-5.914334654808044434e-01
1.270454406738281250e+00
1.574939608573913574e+00
-8.736418485641479492e-01
-3.063875138759613037e-01
-1.424494981765747070e-01
5.808982253074645996e-01
-1.098394989967346191e+00
3.872291147708892822e-01
1.437495589256286621e+00
-3.350816965103149414e-01
1.484019905328750610e-01
-3.718907237052917480e-01
1.920984536409378052e-01
1.194143652915954590e+00
-6.630884408950805664e-01
4.581208229064941406e-01
1.028878316283226013e-01
-2.212561368942260742e-01
-5.325004830956459045e-02
2.519771099090576172e+00
-2.718826942145824432e-02
-1.292478442192077637e+00
-2.531482577323913574e-01
-1.247271418571472168e+00
7.270774990320205688e-02
-5.290251374244689941e-01
5.879715085029602051e-01
4.126451611518859863e-01
9.101734757423400879e-01
5.601527169346809387e-02
3.769434392452239990e-01
-6.877460479736328125e-01
-4.038427025079727173e-02
7.160632610321044922e-01
-1.297359704971313477e+00
-1.294254899024963379e+00
-1.507658481597900391e+00
3.310719728469848633e-01
4.996384978294372559e-01
7.725557684898376465e-01
-1.195044279098510742e+00
2.411088049411773682e-01
-1.168960213661193848e+00
-1.477508783340454102e+00
-4.204947054386138916e-01
1.305865406990051270e+00
5.674347281455993652e-01
3.180441260337829590e-01
-1.340645998716354370e-01
1.881232261657714844e+00
2.608452737331390381e-01
5.936334133148193359e-01
7.886227369308471680e-01
2.674321830272674561e-01
1.368536829948425293e+00
4.737742841243743896e-01
-4.979783892631530762e-01
-8.102664351463317871e-02
6.758485436439514160e-01
-2.539009451866149902e-01
5.076142549514770508e-01
-4.752233624458312988e-02
3.157146275043487549e-01
-2.352248668670654297e+00
7.929304242134094238e-01
-6.805204153060913086e-01
8.239843249320983887e-01
2.559221684932708740e-01
-8.136863708496093750e-01
-1.005998492240905762e+00
-6.770431995391845703e-01
-1.106608986854553223e+00
-6.639038324356079102e-01
3.294329717755317688e-02
-1.234460920095443726e-01
8.112153969705104828e-03
1.099670603871345520e-01
-1.000313639640808105e+00
-7.893732190132141113e-01
-7.450863718986511230e-01
-5.641570687294006348e-01
-1.104585170745849609e+00
2.755607366561889648e-01
-3.540045619010925293e-01
-4.609376192092895508e-01
1.737354159355163574e+00
-3.491013050079345703e-01
5.719911456108093262e-01
-1.104716025292873383e-02
-1.446990132331848145e+00
2.828611731529235840e-01
4.297904372215270996e-01
1.152527451515197754e+00
3.830221891403198242e-01
1.469171047210693359e+00
-4.217546433210372925e-02
-3.185465335845947266e-01
-1.320404708385467529e-01
-5.983891487121582031e-01
-9.246789813041687012e-01
-4.042148888111114502e-01
2.238345146179199219e+00
-1.445881366729736328e+00
-1.145765334367752075e-01
1.460063457489013672e+00
5.039882659912109375e-01
4.786908626556396484e-01
5.719683170318603516e-01
1.800722181797027588e-01
-7.448415756225585938e-01
8.894540667533874512e-01
8.536159992218017578e-01
9.045587182044982910e-01
1.390059232711791992e+00
3.780608624219894409e-02
6.956613063812255859e-01
-5.550676584243774414e-01
6.645440459251403809e-01
3.850113749504089355e-01
1.316729545593261719e+00
-7.952175140380859375e-01
-8.102474361658096313e-02
6.008132696151733398e-01
3.968618214130401611e-01
-1.994577199220657349e-01
-7.180215120315551758e-01
1.041326045989990234e+00
1.113844394683837891e+00
5.916100740432739258e-01
9.911035746335983276e-02
-7.784719578921794891e-03
1.065651997923851013e-01
-1.480131506919860840e+00
-9.913334846496582031e-01
1.399664998054504395e+00
7.874336838722229004e-01
5.920917391777038574e-01
3.090946376323699951e-01
-6.658741831779479980e-01
-1.059001445770263672e+00
9.599851369857788086e-01
-4.479098916053771973e-01
1.460636686533689499e-02
-2.997740507125854492e-01
-9.261260628700256348e-01
-4.144741296768188477e-01
9.351540207862854004e-01
-1.215363621711730957e+00
1.270882844924926758e+00
-1.044712662696838379e+00
1.413486719131469727e+00
-1.653961658477783203e+00
-5.863140895962715149e-02
-9.668563306331634521e-02
3.018294572830200195e-01
-7.274568825960159302e-02
-3.853864073753356934e-01
1.092388629913330078e+00
-4.213149547576904297e-01
5.716190934181213379e-01
-3.797053396701812744e-01
1.240103363990783691e+00
1.162882089614868164e+00
-6.566190123558044434e-01
6.232789754867553711e-01
7.715564966201782227e-01
-3.574880659580230713e-01
-8.963839411735534668e-01
7.277880907058715820e-01
4.036263823509216309e-01
-1.798147320747375488e+00
-7.970884442329406738e-01
9.020126461982727051e-01
-2.259779214859008789e+00
-1.053882122039794922e+00
1.440672278404235840e+00
2.867166697978973389e-01
7.751142978668212891e-01
-1.174470424652099609e+00
3.846144676208496094e-02
-3.424328267574310303e-01
9.083806872367858887e-01
1.355793327093124390e-01
1.575712323188781738e+00
5.705258846282958984e-01
1.583798646926879883e+00
-5.426478981971740723e-01
-7.792738676071166992e-01
1.174130916595458984e+00
-6.363521218299865723e-01
1.785615831613540649e-01
3.031681180000305176e-01
6.955454498529434204e-02
1.739912748336791992e+00
6.251614093780517578e-01
-1.145808771252632141e-02
8.006945252418518066e-02
1.529106736183166504e+00
-2.009009420871734619e-01
-1.306698560714721680e+00
1.504716873168945312e+00
-7.059395313262939453e-01
-7.390757203102111816e-01
1.135354042053222656e+00
3.603280782699584961e-01
-5.811032652854919434e-01
-1.607464432716369629e+00
-1.559526026248931885e-01
5.221666395664215088e-02
-8.169401288032531738e-01
4.761873558163642883e-02
-1.609943628311157227e+00
4.646193981170654297e-01
1.238356113433837891e+00
-6.522297859191894531e-01
-6.365729570388793945e-01
7.591361403465270996e-01
-7.752469182014465332e-02
-9.622954726219177246e-01
9.440199732780456543e-01
-9.962937235832214355e-02
9.684418439865112305e-01
1.115848422050476074e+00
-1.341493368148803711e+00
-7.892234623432159424e-02
-1.851209044456481934e+00
-5.200487971305847168e-01
-8.521466255187988281e-01
4.521536529064178467e-01
4.268899857997894287e-01
-1.121881842613220215e+00
1.989168673753738403e-01
4.578776061534881592e-01
7.351247668266296387e-01
1.709023833274841309e+00
-1.028197169303894043e+00
-4.178326725959777832e-01
2.608833909034729004e-01
5.568888783454895020e-01
6.907455325126647949e-01
3.524344861507415771e-01
-8.884233236312866211e-02
-2.460946083068847656e+00
-4.208692908287048340e-01
-1.284059643745422363e+00
6.491343975067138672e-01
7.598017454147338867e-01
-2.115570157766342163e-01
5.478349328041076660e-01
1.230159878730773926e+00
1.114321112632751465e+00
1.283969998359680176e+00
-1.045672297477722168e+00
5.877967476844787598e-01
1.242820739746093750e+00
2.455283403396606445e-01
-8.223505616188049316e-01
-7.762383818626403809e-01
-2.131280899047851562e-01
-2.267314910888671875e+00
2.987819612026214600e-01
6.987011432647705078e-01
1.286928176879882812e+00
-2.544073164463043213e-01
1.155224204063415527e+00
-2.112568140029907227e+00
-1.865265369415283203e+00
5.981301665306091309e-01
-3.738553076982498169e-02
-9.990763664245605469e-01
-1.175133138895034790e-02
-4.259150326251983643e-01
-9.092054963111877441e-01
-1.826964378356933594e+00
-1.526278614997863770e+00
1.359844326972961426e+00
-1.300382494926452637e+00
-9.402258396148681641e-01
8.008931279182434082e-01
2.508831210434436798e-02
-1.026083469390869141e+00
-1.046688318252563477e+00
-4.689988791942596436e-01
-1.753869652748107910e+00
-6.517147421836853027e-01
1.413252018392086029e-02
-5.627934932708740234e-01
7.070155739784240723e-01
-1.856451481580734253e-01
-2.903663814067840576e-01
1.332450270652770996e+00
2.603696882724761963e-01
1.473242938518524170e-01
2.512377023696899414e+00
-6.410559415817260742e-01
2.990784682333469391e-02
7.944181561470031738e-01
2.620745301246643066e-01
2.004224620759487152e-02
1.238466501235961914e+00
-1.387937188148498535e+00
-8.417644500732421875e-01
1.652166098356246948e-01
5.678811669349670410e-01
8.818091750144958496e-01
-9.449726901948451996e-03
-3.154300451278686523e-01
1.514207601547241211e+00
-7.323148846626281738e-01
4.297310411930084229e-01
3.372707068920135498e-01
1.117770969867706299e-01
-6.381504535675048828e-01
-6.115884184837341309e-01
6.663934141397476196e-02
-2.479997277259826660e-01
-1.205047249794006348e+00
2.573004245758056641e+00
7.193084061145782471e-02
-1.883454769849777222e-01
-8.065205812454223633e-01
2.516085147857666016e+00
-2.148365676403045654e-01
6.810542345046997070e-01
-1.215634107589721680e+00
-8.631352186203002930e-01
-1.470729947090148926e+00
-2.625647485256195068e-01
2.610090076923370361e-01
1.164891362190246582e+00
1.289793491363525391e+00
-1.281032681465148926e+00
1.002665638923645020e+00
1.544669121503829956e-01
6.873762011528015137e-01
-2.609075903892517090e-01
1.916193008422851562e+00
6.840096712112426758e-01
4.835281372070312500e-01
2.161748886108398438e+00
6.503542065620422363e-01
1.326601952314376831e-01
-1.530722975730895996e+00
-9.592056870460510254e-01
1.201393529772758484e-01
-4.993967339396476746e-02
-8.676780462265014648e-01
4.133405387401580811e-01
-1.187219500541687012e+00
-3.552397191524505615e-01
3.159322738647460938e-01
-1.642703175544738770e+00
-2.730980515480041504e-01
-1.074544191360473633e+00
-5.695691704750061035e-02
-1.499869108200073242e+00
3.717162013053894043e-01
9.316577315330505371e-01
-1.334539175033569336e+00
-2.417644262313842773e-01
-8.076561093330383301e-01
-7.614080905914306641e-01
-1.538524627685546875e+00
-1.697479188442230225e-01
6.228322535753250122e-02
1.617590308189392090e+00
-7.468008995056152344e-01
6.736652851104736328e-01
-1.327170491218566895e+00
3.819303214550018311e-02
-6.119481325149536133e-01
9.485424160957336426e-01
1.047059535980224609e+00
-2.086024284362792969e+00
6.378828883171081543e-01
7.591124624013900757e-02
2.958537936210632324e-01
5.770314931869506836e-01
9.419990181922912598e-01
8.999900817871093750e-01
-1.034916520118713379e+00
8.712100386619567871e-01
1.909986604005098343e-03
1.225884556770324707e+00
-1.030327916145324707e+00
1.358298063278198242e-01
-9.712484478950500488e-01
4.132358729839324951e-02
4.779478609561920166e-01
8.154526352882385254e-01
-5.643863677978515625e-01
-1.337082624435424805e+00
-1.463080197572708130e-01
-1.530255913734436035e+00
-7.288242578506469727e-01
1.759179830551147461e+00
-6.602458306588232517e-04
1.247296035289764404e-01
1.673922538757324219e-01
-1.045176506042480469e+00
-5.638374686241149902e-01
-6.041963696479797363e-01
-9.571397304534912109e-01
-1.073172211647033691e+00
-1.549303293228149414e+00
5.807990431785583496e-01
1.888595670461654663e-01
1.570288658142089844e+00
7.583417892456054688e-01
1.298637509346008301e+00
-1.671449989080429077e-01
-6.178632751107215881e-02
2.217246294021606445e+00
6.779107451438903809e-01
-3.251698613166809082e-01
-1.048072457313537598e+00
6.987367272377014160e-01
-6.197822690010070801e-01
-1.154558897018432617e+00
-1.925456523895263672e-02
1.235070705413818359e+00
3.692379295825958252e-01
-8.080323934555053711e-01
-5.822270736098289490e-02
-2.562372446060180664e+00
-1.271039363928139210e-03
1.807610273361206055e+00
4.916761815547943115e-01
-1.197595596313476562e+00
1.368105649948120117e+00
5.510485544800758362e-02
-1.564917922019958496e+00
-1.307390689849853516e+00
6.235405206680297852e-01
4.560771882534027100e-01
8.490426540374755859e-01
-9.639413356781005859e-01
-2.242156028747558594e+00
1.314260661602020264e-01
4.930258095264434814e-01
-1.459531784057617188e+00
-1.306886434555053711e+00
-4.249337017536163330e-01
2.594905197620391846e-01
-1.642911434173583984e-01
1.141620874404907227e+00
6.712015271186828613e-01
1.919199228286743164e-01
-4.226275980472564697e-01
-1.198423981666564941e+00
9.976696968078613281e-01
5.231103301048278809e-01
1.317259311676025391e+00
-8.251923918724060059e-01
5.295023322105407715e-01
1.000155210494995117e+00
-1.765647649765014648e+00
-7.206973433494567871e-01
6.788417100906372070e-01
-2.490761518478393555e+00
-1.235443115234375000e+00
-1.058717131614685059e+00
4.221851825714111328e-01
2.591103315353393555e-01
2.168094068765640259e-01
7.613993883132934570e-01
-1.184227228164672852e+00
-8.433957695960998535e-01
-1.528768658638000488e+00
-5.352134630084037781e-02
1.071458697319030762e+00
-7.530225515365600586e-01
-4.859699867665767670e-03
1.627105116844177246e+00
3.466808497905731201e-01
-6.805891990661621094e-01
-9.000244140625000000e-01
-2.165667861700057983e-01
-2.423334598541259766e+00
3.376563489437103271e-01
-1.517405748367309570e+00
6.726231426000595093e-02
-2.714707143604755402e-02
9.352111816406250000e-01
3.704104125499725342e-01
-5.364022254943847656e-01
3.271473944187164307e-01
1.654605627059936523e+00
-1.843165159225463867e+00
-3.349546194076538086e-01
-1.207966208457946777e+00
-1.652730107307434082e+00
3.745047748088836670e-01
-3.579658865928649902e-01
-8.104221224784851074e-01
-6.160509586334228516e-01
-1.261012792587280273e+00
-2.749671936035156250e-01
-1.035809755325317383e+00
3.545154631137847900e-01
1.863301843404769897e-01
1.347677260637283325e-01
6.916424632072448730e-01
1.819658428430557251e-01
1.261783719062805176e+00
5.943098664283752441e-02
1.064265489578247070e+00
-2.730900943279266357e-01
-1.066122770309448242e+00
8.688398003578186035e-01
6.559506654739379883e-01
-9.259014725685119629e-01
-1.266114473342895508e+00
2.744479179382324219e-01
-1.177265346050262451e-01
-8.489983677864074707e-01
3.848636448383331299e-01
1.337848901748657227e+00
6.820207238197326660e-01
-3.254812061786651611e-01
-9.009734392166137695e-01
-7.380041480064392090e-01
-3.282062709331512451e-01
-3.429696559906005859e-01
6.116370111703872681e-02
-1.621352672576904297e+00
-1.553672909736633301e+00
-2.382219731807708740e-01
-4.045596718788146973e-01
-9.318726658821105957e-01
-1.023927450180053711e+00
-1.055622577667236328e+00
1.837590932846069336e+00
1.618666648864746094e+00
-1.298758149147033691e+00
1.156473398208618164e+00
8.301473855972290039e-01
2.047693967819213867e+00
-1.702259898185729980e+00
9.846907258033752441e-01
-3.899737298488616943e-01
5.644283071160316467e-02
-8.252616524696350098e-01
-5.077830553054809570e-01
-1.466607004404067993e-01
-1.360541701316833496e+00
-1.025779247283935547e+00
8.333817124366760254e-01
7.981882244348526001e-02
-6.172950863838195801e-01
-6.831536293029785156e-01
9.261665493249893188e-02
8.701040148735046387e-01
-7.446350157260894775e-02
6.597656607627868652e-01
9.077013134956359863e-01
-2.108982503414154053e-01
2.947381436824798584e-01
-2.822236418724060059e-01
2.722152233123779297e+00
1.359143257141113281e+00
-1.031648993492126465e+00
2.230241894721984863e-01
8.167520910501480103e-02
-1.169869899749755859e+00
1.042049527168273926e+00
-7.571842670440673828e-01
-1.180054664611816406e+00
1.900675147771835327e-01
-5.327602028846740723e-01
-1.197892069816589355e+00
-1.501723676919937134e-01
-1.291337490081787109e+00
-8.641809821128845215e-01
1.580137610435485840e+00
-3.122117519378662109e-01
-1.589529812335968018e-01
4.152593314647674561e-01
8.304666280746459961e-01
3.579558134078979492e-01
-6.494609117507934570e-01
-9.344068169593811035e-01
5.362600088119506836e-01
1.093536615371704102e-02
-2.196364402770996094e+00
-1.022974610328674316e+00
3.459635376930236816e-01
1.128284096717834473e+00
3.671675920486450195e-01
-6.371265053749084473e-01
7.825996279716491699e-01
6.487528234720230103e-02
-2.347041070461273193e-01
-3.245224654674530029e-01
8.312622904777526855e-01
-6.239179372787475586e-01
2.910861670970916748e-01
-5.727026462554931641e-01
4.821220040321350098e-01
4.458836913108825684e-01
-7.294806241989135742e-01
8.572714328765869141e-01
-1.876710295677185059e+00
1.015545845031738281e+00
-4.569294750690460205e-01
-1.818679869174957275e-01
-5.930023789405822754e-01
-1.975886672735214233e-01
2.123146355152130127e-01
-4.595081508159637451e-01
-6.712092757225036621e-01
-1.400458693504333496e+00
1.459993243217468262e+00
2.270787715911865234e+00
1.054325222969055176e+00
-1.305428743362426758e+00
7.711325883865356445e-01
2.887624502182006836e-01
6.982672959566116333e-02
-9.581117033958435059e-01
-7.952007055282592773e-01
-1.047459244728088379e+00
8.985355496406555176e-01
-3.168346285820007324e-01
1.337830543518066406e+00
-4.307669997215270996e-01
6.883279085159301758e-01
2.351746112108230591e-01
-4.427112638950347900e-01
-1.449826717376708984e+00
-7.886111140251159668e-01
8.581494092941284180e-01
6.551172137260437012e-01
-9.773166775703430176e-01
1.204936027526855469e+00
-6.524408459663391113e-01
3.980418443679809570e-01
6.412881612777709961e-01
6.149612069129943848e-01
1.152980446815490723e+00
8.447865247726440430e-01
6.907849907875061035e-01
6.868287920951843262e-01
-9.189887642860412598e-01
1.363244056701660156e+00
-8.013428747653961182e-02
-5.082347989082336426e-01
-7.960870862007141113e-01
-8.830768465995788574e-01
-6.612544655799865723e-01
9.361716508865356445e-01
6.801261901855468750e-01
6.864314675331115723e-01
5.448460578918457031e-01
1.546670436859130859e+00
4.492994248867034912e-01
-5.944926738739013672e-01
-1.070540308952331543e+00
-3.212465345859527588e-01
7.686105370521545410e-01
1.753290593624114990e-01
-2.725457306951284409e-03
-5.549347400665283203e-01
-1.567799806594848633e+00
-5.732023715972900391e-01
-4.172587692737579346e-01
-1.337751507759094238e+00
-2.365252077579498291e-01
-9.752417802810668945e-01
-2.649908959865570068e-01
-1.663098096847534180e+00
7.718543410301208496e-01
-3.396839499473571777e-01
-5.118478536605834961e-01
2.295457273721694946e-01
-1.294789433479309082e+00
1.068588852882385254e+00
-2.818370163440704346e-01
-3.437196910381317139e-01
1.055664539337158203e+00
-9.646973013877868652e-01
-5.142780542373657227e-01
5.955277681350708008e-01
-4.675601124763488770e-01
1.842925906181335449e+00
7.108689546585083008e-01
-3.064134120941162109e-01
-6.407001614570617676e-01
3.620298504829406738e-01
1.227032169699668884e-01
-1.056702971458435059e+00
-1.581056714057922363e+00
3.000279664993286133e-01
-1.730498075485229492e+00
2.191770672798156738e-01
1.955884881317615509e-02
1.001744747161865234e+00
1.282530903816223145e+00
-9.226584434509277344e-01
-2.408159375190734863e-01
-2.696530222892761230e-01
-4.054409563541412354e-01
4.912569373846054077e-02
-1.030422329902648926e+00
-1.153409838676452637e+00
-7.335501313209533691e-01
-1.917359232902526855e-01
8.644646406173706055e-01
2.687911689281463623e-01
1.246682047843933105e+00
-5.971695184707641602e-01
2.450461536645889282e-01
-3.161974549293518066e-01
4.284770786762237549e-01
-6.259962320327758789e-01
5.701013803482055664e-01
8.033706545829772949e-01
1.624470114707946777e+00
5.771756768226623535e-01
1.009134292602539062e+00
-1.980951428413391113e-01
-7.365674972534179688e-01
6.425056457519531250e-01
-1.444846987724304199e-01
3.011097908020019531e-01
3.597587347030639648e-01
-1.363087058067321777e+00
1.814972758293151855e+00
-7.470031380653381348e-01
1.528160214424133301e+00
-1.059658899903297424e-01
7.600132375955581665e-02
-2.277205437421798706e-01
4.159037470817565918e-01
-1.862824320793151855e+00
-2.792312383651733398e+00
-3.099347054958343506e-01
3.276292979717254639e-01
-1.660041213035583496e-01
1.267609953880310059e+00
-7.167481780052185059e-01
-1.242577433586120605e+00
4.647614657878875732e-01
1.537469178438186646e-01
3.606491982936859131e-01
-1.144064903259277344e+00
-1.923147916793823242e+00
-8.342654109001159668e-01
6.185193061828613281e-01
1.420522574335336685e-02
2.812988758087158203e-01
3.419140577316284180e-01
-9.225510954856872559e-01
7.991194128990173340e-01
7.965545058250427246e-01
-1.495485663414001465e+00
-5.147288441658020020e-01
-5.103537440299987793e-01
5.600295662879943848e-01
6.764126420021057129e-01
1.183102846145629883e+00
-1.033855915069580078e+00
-1.131968975067138672e+00
-6.237236857414245605e-01
1.537729501724243164e-01
1.817574977874755859e+00
9.654769301414489746e-01
-9.515455961227416992e-01
1.958968758583068848e+00
4.279986321926116943e-01
5.993328094482421875e-01
-2.449661493301391602e+00
-7.684858050197362900e-03
-1.579500794410705566e+00
-4.767938852310180664e-01
1.874772429466247559e+00
-2.276477813720703125e+00
-1.216200828552246094e+00
-1.167883127927780151e-01
-9.988337159156799316e-01
-4.718867838382720947e-01
4.217959046363830566e-01
-2.022837251424789429e-01
3.518930375576019287e-01
-2.104954272508621216e-01
8.506357669830322266e-01
-9.492737054824829102e-01
1.845513582229614258e-01
-1.545736799016594887e-03
4.254049360752105713e-01
1.229297876358032227e+00
5.808028578758239746e-01
1.091973781585693359e-01
-1.880435943603515625e+00
1.114257097244262695e+00
-2.636793255805969238e-01
-4.008120894432067871e-01
-3.682361543178558350e-01
1.140806198120117188e+00
-3.269952535629272461e-01
1.303628563880920410e+00
-1.195520997047424316e+00
3.675757944583892822e-01
-1.817418456077575684e+00
-1.567929387092590332e+00
-2.145831108093261719e+00
3.343011736869812012e-01
-2.569452300667762756e-02
-3.077856004238128662e-01
1.046947598457336426e+00
1.181130781769752502e-01
-3.784136474132537842e-01
-1.841460943222045898e+00
-9.404674172401428223e-01
-1.237470880150794983e-01
-9.915283322334289551e-01
1.277626156806945801e-01
-8.597472906112670898e-01
-3.282181620597839355e-01
2.351732552051544189e-01
-2.776101827621459961e-01
-3.538244068622589111e-01
7.901962995529174805e-01
-6.827056407928466797e-01
6.296305656433105469e-01
-3.597700893878936768e-01
-1.678366065025329590e-01
-1.574667572975158691e+00
-2.999078035354614258e-01
-5.294414162635803223e-01
-3.364133834838867188e-01
-4.184825122356414795e-01
1.703849792480468750e+00
-1.458854556083679199e+00
-6.472622156143188477e-01
9.835609197616577148e-01
1.653329849243164062e+00
-2.972652435302734375e+00
8.617377281188964844e-01
8.772028684616088867e-01
1.637344360351562500e+00
-1.404174566268920898e+00
-1.004132509231567383e+00
-8.130146861076354980e-01
-5.221584439277648926e-01
1.492599010467529297e+00
-7.761704325675964355e-01
2.552818059921264648e-01
2.934528589248657227e-01
2.313138842582702637e-01
4.513029754161834717e-01
1.223886489868164062e+00
-3.236158370971679688e+00
7.782370448112487793e-01
1.406559705734252930e+00
-8.018961548805236816e-01
1.102878227829933167e-01
-5.771386027336120605e-01
1.489439487457275391e+00
-1.983466446399688721e-01
3.079061806201934814e-01
-7.113364934921264648e-01
-7.670380473136901855e-01
-5.419847965240478516e-01
-4.891988933086395264e-01
5.103832483291625977e-01
-2.183943539857864380e-01
4.023536145687103271e-01
-1.678471863269805908e-01
-1.909257620573043823e-01
-1.458783626556396484e+00
4.619664251804351807e-01
-9.518771171569824219e-01
7.522369027137756348e-01
-1.039127945899963379e+00
-1.964094877243041992e+00
-7.516453266143798828e-01
-9.953953623771667480e-01
1.186959624290466309e+00
-2.704838216304779053e-01
2.783991992473602295e-01
1.613465845584869385e-01
-5.721434950828552246e-01
1.268417954444885254e+00
-1.468924283981323242e+00
2.101762533187866211e+00
-1.245096683502197266e+00
1.086143016815185547e+00
8.697168231010437012e-01
1.988382220268249512e+00
2.046199291944503784e-01
4.150907397270202637e-01
-2.095871567726135254e-01
1.320583224296569824e-01
1.359134554862976074e+00
7.829614281654357910e-01
-1.463647127151489258e+00
-1.632452607154846191e+00
-1.467821896076202393e-01
5.950846076011657715e-01
-2.257769703865051270e-01
-1.376996636390686035e+00
1.619671225547790527e+00
-2.350260972976684570e+00
9.747409224510192871e-01
4.476655647158622742e-02
4.205166101455688477e-01
1.218716382980346680e+00
-7.346558570861816406e-01
-1.093143343925476074e+00
7.891250848770141602e-01
6.837440729141235352e-01
-9.599111676216125488e-01
-1.060426712036132812e+00
-6.858267188072204590e-01
-5.530283600091934204e-02
1.405694484710693359e+00
-9.613779187202453613e-01
6.781908124685287476e-02
4.446691870689392090e-01
-7.678749561309814453e-01
-7.954899668693542480e-01
-1.725064158439636230e+00
-1.846026420593261719e+00
-1.520271658897399902e+00
-1.805333048105239868e-01
1.409754872322082520e+00
3.307774960994720459e-01
7.899898886680603027e-01
-9.212187528610229492e-01
3.430902957916259766e-01
2.592260241508483887e-01
2.648410499095916748e-01
2.230467200279235840e-01
4.026685655117034912e-01
-1.218619465827941895e+00
6.122386455535888672e-01
-2.062183916568756104e-01
-1.014869451522827148e+00
-9.559920430183410645e-01
-4.315236806869506836e-01
-2.022907584905624390e-01
2.645743191242218018e-01
1.018532179296016693e-02
7.762030363082885742e-01
-7.982162237167358398e-01
7.670279145240783691e-01
-9.019684791564941406e-02
-1.996204257011413574e+00
4.003481864929199219e-01
2.600037753582000732e-01
1.810016751289367676e+00
-6.103855967521667480e-01
1.221968650817871094e+00
3.393263518810272217e-01
-2.925930917263031006e-01
-6.736529469490051270e-01
7.120542526245117188e-01
3.528962433338165283e-01
1.425660371780395508e+00
-1.669306457042694092e-01
-1.479207634925842285e+00
-3.473088843747973442e-03
1.385012745857238770e+00
7.687181234359741211e-01
-2.099326252937316895e-01
-2.099398374557495117e+00
2.617055773735046387e-01
2.695115208625793457e-01
-9.187365770339965820e-01
-7.798138074576854706e-03
7.805666327476501465e-01
-7.453433275222778320e-01
-1.314911723136901855e+00
-7.306585460901260376e-02
-9.398003816604614258e-01
-1.382359266281127930e+00
-2.118244171142578125e+00
1.032336115837097168e+00
1.534772872924804688e+00
1.197406291961669922e+00
1.178415060043334961e+00
-1.224268198013305664e+00
-9.056785106658935547e-01
1.192104369401931763e-01
1.536522865295410156e+00
-1.370886117219924927e-01
8.509121537208557129e-01
6.908690333366394043e-01
-1.169114232063293457e+00
-1.557994723320007324e+00
-5.720455199480056763e-02
1.546240687370300293e+00
7.370201349258422852e-01
1.221024513244628906e+00
6.176792979240417480e-01
3.801931142807006836e-01
-1.869343519210815430e+00
-4.656234383583068848e-01
5.306201577186584473e-01
-6.847240775823593140e-02
4.173488914966583252e-01
-3.644074499607086182e-01
-9.237929582595825195e-01
-7.158504724502563477e-01
1.501579403877258301e+00
-1.220475792884826660e+00
1.163440823554992676e+00
-7.395545840263366699e-01
-4.332320392131805420e-01
-5.737878680229187012e-01
-1.923245340585708618e-01
2.618699312210083008e+00
2.721203863620758057e-01
-9.233744740486145020e-01
2.184415817260742188e+00
-6.708897948265075684e-01
7.462145686149597168e-01
2.802765369415283203e-01
4.899112880229949951e-01
1.292199015617370605e+00
3.008565604686737061e-01
-4.695957601070404053e-01
-9.541279822587966919e-02
4.313154816627502441e-01
1.047073006629943848e+00
-5.365399718284606934e-01
1.546205878257751465e-01
-4.717464745044708252e-01
2.545865774154663086e-01
7.792161107063293457e-01
-1.323071122169494629e+00
1.416432619094848633e+00
-9.277373552322387695e-02
7.239260673522949219e-01
-7.837466150522232056e-02
-6.068122982978820801e-01
-7.144876718521118164e-01
7.614687085151672363e-01
1.437341421842575073e-01
-5.429397225379943848e-01
1.209344267845153809e+00
1.208762884140014648e+00
-3.187785670161247253e-02
-2.187430560588836670e-01
3.009377717971801758e-01
1.123079061508178711e+00
9.898443818092346191e-01
1.497734546661376953e+00
-8.625237345695495605e-01
-9.064771234989166260e-02
8.959997892379760742e-01
-3.415085002779960632e-02
9.599370360374450684e-01
9.409431219100952148e-01
1.540669649839401245e-01
-1.484591811895370483e-01
5.591668486595153809e-01
-7.367525696754455566e-01
6.645501852035522461e-01
1.824148148298263550e-01
1.084377646446228027e+00
1.069485187530517578e+00
2.675946056842803955e-01
-1.213711977005004883e+00
-1.283203482627868652e+00
-7.280052304267883301e-01
7.760825157165527344e-01
-3.455380201339721680e-01
-1.053229212760925293e+00
-9.695529341697692871e-01
1.333469152450561523e+00
-3.109268903732299805e+00
-1.242254257202148438e+00
5.038960576057434082e-01
-3.218332231044769287e-01
-1.804210543632507324e+00
-1.012031912803649902e+00
4.331022799015045166e-01
1.965480208396911621e+00
7.820526957511901855e-01
-1.723539948463439941e+00
-3.233425319194793701e-01
-1.290883719921112061e-01
1.537870049476623535e+00
6.611364483833312988e-01
8.594968914985656738e-01
4.145517945289611816e-02
9.507415890693664551e-01
7.170450687408447266e-01
1.646471977233886719e+00
6.782025098800659180e-01
1.325137376785278320e+00
9.983444213867187500e-02
4.700429439544677734e-01
-8.442404121160507202e-02
7.714283466339111328e-01
6.447086334228515625e-01
1.200633272528648376e-01
1.026691079139709473e+00
-3.134077787399291992e-01
5.186345577239990234e-01
-8.873123675584793091e-02
-1.109792292118072510e-01
2.576566636562347412e-01
8.576985001564025879e-01
-9.231994748115539551e-01
8.808060288429260254e-01
-1.559578418731689453e+00
-1.980891585350036621e+00
-6.061542034149169922e-02
-1.391950368881225586e+00
1.300541311502456665e-01
-2.862336635589599609e-01
1.021164178848266602e+00
1.233634233474731445e+00
3.155654668807983398e-01
-1.279423236846923828e+00
1.616335511207580566e+00
-1.093479514122009277e+00
-6.947732567787170410e-01
-1.517580509185791016e+00
1.413030624389648438e-01
2.971943616867065430e-01
-2.405820131301879883e+00
1.480385303497314453e+00
1.082245588302612305e+00
-1.054963946342468262e+00
2.139878749847412109e+00
-9.112882614135742188e-02
-8.795090913772583008e-01
1.601705789566040039e+00
8.221113681793212891e-01
2.640507936477661133e+00
-2.354066073894500732e-01
3.929018080234527588e-01
5.425283908843994141e-01
-1.276059746742248535e+00
2.035733938217163086e+00
-2.801901698112487793e-01
-2.352385669946670532e-01
5.586509108543395996e-01
-1.032990030944347382e-02
-1.553022623062133789e+00
1.825472712516784668e-01
1.563781142234802246e+00
3.621193766593933105e-01
-4.511227607727050781e-01
1.079315900802612305e+00
4.112670123577117920e-01
-3.384651839733123779e-01
-2.128133296966552734e+00
-8.332300186157226562e-01
-4.079793691635131836e-01
-2.437875717878341675e-01
-1.432040452957153320e+00
-8.258303403854370117e-01
-2.106949567794799805e+00
1.287781149148941040e-01
5.814235806465148926e-01
-2.389451980590820312e+00
2.519407033920288086e+00
-4.167461395263671875e-01
8.177365362644195557e-02
-1.419131159782409668e+00
8.851013183593750000e-01
-1.392958521842956543e+00
1.910530328750610352e-01
-9.665558338165283203e-01
-3.981095850467681885e-01
1.160608381032943726e-01
2.019882440567016602e+00
-5.222212672233581543e-01
-1.493018031120300293e+00
2.190169572830200195e+00
-5.820807218551635742e-01
2.418687194585800171e-01
4.866317510604858398e-01
-7.789775133132934570e-01
5.595743060111999512e-01
-7.399745583534240723e-01
-2.066040635108947754e-01
6.392185688018798828e-01
-8.391851782798767090e-01
4.290602803230285645e-01
-6.089786887168884277e-01
2.881188094615936279e-01
-1.706582069396972656e+00
-1.162125587463378906e+00
-3.815468549728393555e-01
7.826959341764450073e-02
-1.135037183761596680e+00
-4.118054211139678955e-01
-4.229080975055694580e-01
-1.400603771209716797e+00
3.575196564197540283e-01
-2.785224020481109619e-01
-1.574083417654037476e-01
-1.218281164765357971e-01
4.076106101274490356e-02
6.077695488929748535e-01
8.985818028450012207e-01
1.703165173530578613e-01
1.729610085487365723e+00
-1.019054889678955078e+00
-9.677258729934692383e-01
-3.665531575679779053e-01
1.121222257614135742e+00
-5.440525412559509277e-01
4.143935441970825195e-01
-2.530384659767150879e-01
-5.736950039863586426e-01
-1.135509535670280457e-01
-1.556177616119384766e+00
6.447892785072326660e-01
-2.292086184024810791e-01
-1.306048989295959473e+00
1.376942098140716553e-01
-1.014619231224060059e+00
-3.798390924930572510e-01
-4.750963449478149414e-01
-2.755036354064941406e-01
4.619389176368713379e-01
-7.609342336654663086e-01
4.592235088348388672e-01
-1.963005661964416504e-01
-8.152854442596435547e-01
-1.251549959182739258e+00
3.943972587585449219e-01
-2.224651277065277100e-01
-4.761384427547454834e-01
1.148157596588134766e+00
7.293805480003356934e-01
-8.165087103843688965e-01
4.318139851093292236e-01
-5.289532542228698730e-01
-6.362813711166381836e-01
1.491531133651733398e+00
1.299286723136901855e+00
-4.450519382953643799e-02
5.388312935829162598e-01
1.284241914749145508e+00
6.687071919441223145e-01
-9.239782094955444336e-01
-5.109301209449768066e-01
-9.553585648536682129e-01
7.943562269210815430e-01
-2.161823272705078125e+00
-6.668641418218612671e-02
1.612348079681396484e+00
7.675271630287170410e-01
7.394784092903137207e-01
2.124094247817993164e+00
-7.752141356468200684e-02
3.460699319839477539e-01
3.527476489543914795e-01
2.850406885147094727e+00
-5.425129458308219910e-02
1.482533961534500122e-01
1.023610949516296387e+00
2.032693624496459961e-01
3.996184468269348145e-01
8.686215281486511230e-01
1.557878732681274414e+00
1.415434360504150391e+00
-8.685402274131774902e-01
-1.100543234497308731e-02
3.062516450881958008e-01
8.890832215547561646e-02
-1.689597070217132568e-01
-8.402789831161499023e-01
-3.121002614498138428e-01
1.546788573265075684e+00
2.008837461471557617e-01
-2.548261880874633789e+00
1.968719840049743652e+00
1.187978744506835938e+00
-1.599608778953552246e+00
-1.618131041526794434e+00
2.125138491392135620e-01
8.732451796531677246e-01
2.948932945728302002e-01
-5.694112777709960938e-01
-4.933964014053344727e-01
2.756412699818611145e-02
-1.073177337646484375e+00
2.074523925781250000e+00
1.928874105215072632e-01
-5.270799398422241211e-01
1.009796500205993652e+00
1.515330195426940918e+00
2.543103992938995361e-01
-7.269535064697265625e-01
-9.047144651412963867e-01
-2.844361960887908936e-01
3.431984409689903259e-02
5.426385402679443359e-01
-9.390743970870971680e-01
5.219380557537078857e-02
-2.874867245554924011e-02
-2.393334172666072845e-02
-2.769983112812042236e-01
1.202173113822937012e+00
-1.090420007705688477e+00
9.302160739898681641e-01
-1.510140061378479004e+00
-8.213560581207275391e-01
-2.413773834705352783e-01
-1.837864279747009277e+00
6.060837507247924805e-01
6.256215572357177734e-01
3.252355158329010010e-01
9.073778986930847168e-01
-8.191562891006469727e-01
-9.004395604133605957e-01
1.529517531394958496e+00
-1.370395183563232422e+00
-4.901460111141204834e-01
7.739820331335067749e-02
-1.203616857528686523e+00
4.078040719032287598e-01
7.079659700393676758e-01
-1.655818939208984375e+00
-1.064753293991088867e+00
1.928326010704040527e+00
-2.587497949600219727e+00
-1.958337426185607910e+00
6.530342698097229004e-01
1.560693025588989258e+00
1.078400760889053345e-02
1.631802558898925781e+00
3.386360704898834229e-01
3.936534821987152100e-01
-8.820986747741699219e-01
-5.269652009010314941e-01
5.814526081085205078e-01
-3.891294598579406738e-01
-1.909364581108093262e+00
-1.632798910140991211e+00
5.381124615669250488e-01
-2.083503723144531250e+00
-1.255599111318588257e-01
8.470419049263000488e-01
2.060410499572753906e+00
-6.618999242782592773e-01
7.905232906341552734e-01
-2.410938292741775513e-01
8.678913116455078125e-02
-2.124766856431961060e-01
2.015313208103179932e-01
2.293358445167541504e-01
1.491020470857620239e-01
5.402382612228393555e-01
-3.273478448390960693e-01
1.020187735557556152e-01
-2.794525623321533203e-01
-2.332285046577453613e-01
-3.869124129414558411e-02
-2.286377429962158203e+00
-4.738879799842834473e-01
1.116620674729347229e-01
-1.380392551422119141e+00
9.657029509544372559e-01
-9.796584844589233398e-01
2.624936819076538086e+00
1.292307138442993164e+00
4.927285909652709961e-01
-8.169405460357666016e-01
-1.637060642242431641e+00
-1.265040278434753418e+00
-6.600511670112609863e-01
-1.272850513458251953e+00
-1.504127144813537598e+00
4.946426153182983398e-01
5.285420417785644531e-01
8.312634825706481934e-01
-4.771649241447448730e-01
1.634806513786315918e+00
7.325019240379333496e-01
1.146682500839233398e+00
-5.380206704139709473e-01
-1.076459050178527832e+00
-6.855658888816833496e-01
1.307319402694702148e+00
2.069975584745407104e-01
-5.248689651489257812e-01
-7.947257161140441895e-01
6.910430733114480972e-03
-1.548003911972045898e+00
7.155014872550964355e-01
-8.092290163040161133e-02
-5.621346831321716309e-01
6.334609389305114746e-01
2.200559228658676147e-01
1.615465164184570312e+00
1.830907166004180908e-01
-3.262502551078796387e-01
-1.811369180679321289e+00
-1.451714932918548584e-01
7.709401249885559082e-01
2.787090539932250977e-01
1.147774755954742432e-01
2.194048643112182617e+00
-1.184981092810630798e-01
-1.219945624470710754e-01
-9.472731947898864746e-01
-9.253908395767211914e-01
-1.358171850442886353e-01
-1.143757820129394531e+00
-5.444715619087219238e-01
3.828276395797729492e-01
1.077129483222961426e+00
-3.949302434921264648e-01
-4.875990748405456543e-01
8.917913436889648438e-01
5.316703915596008301e-01
6.421176791191101074e-01
-3.122153878211975098e-01
9.721801280975341797e-01
-7.098747789859771729e-02
-1.200340464711189270e-01
1.086627006530761719e+00
-7.068394422531127930e-01
1.300677418708801270e+00
-5.162175297737121582e-01
-3.404148221015930176e-01
8.835462927818298340e-01
8.105427026748657227e-02
-1.932601779699325562e-01
1.000272154808044434e+00
-2.804669141769409180e+00
9.629086256027221680e-01
-1.010226830840110779e-01
7.586096525192260742e-01
-1.698418855667114258e-01
2.741718590259552002e-01
-5.604044795036315918e-01
6.021339297294616699e-01
-1.623149156570434570e+00
-7.828006744384765625e-01
-1.524439811706542969e+00
1.136384159326553345e-02
-1.178361296653747559e+00
-3.966363072395324707e-01
-2.915365695953369141e-01
-2.680240869522094727e-01
-7.226004600524902344e-01
1.384904146194458008e+00
1.690568208694458008e+00
-2.228545397520065308e-01
-1.314842104911804199e+00
-7.141978144645690918e-01
9.046918153762817383e-02
1.237008333206176758e+00
-1.808610081672668457e+00
-1.125105857849121094e+00
4.522876143455505371e-01
8.308805823326110840e-01
-4.168987274169921875e-01
-3.040964007377624512e-01
2.890729010105133057e-01
-9.311935864388942719e-03
-4.775129556655883789e-01
-2.474039494991302490e-01
2.612225294113159180e+00
1.332046687602996826e-01
1.166519761085510254e+00
-1.162141337990760803e-01
9.516603946685791016e-01
-9.554627537727355957e-01
3.200877457857131958e-02
-2.803516626358032227e+00
-2.240302115678787231e-01
-6.305155754089355469e-01
1.381949782371520996e+00
2.641372084617614746e-01
5.233237743377685547e-01
-8.593882322311401367e-01
-1.329568266868591309e+00
-5.227241292595863342e-02
-8.136898875236511230e-01
9.051644802093505859e-01
-1.581284165382385254e+00
-8.662593364715576172e-01
7.025546431541442871e-01
-4.049272239208221436e-01
-7.069475054740905762e-01
5.468689799308776855e-01
2.844673097133636475e-01
7.747118473052978516e-01
-1.401920676231384277e+00
-1.699081361293792725e-01
-8.560292124748229980e-01
2.732565701007843018e-01
2.498026788234710693e-01
-8.005752563476562500e-01
-1.204670310020446777e+00
1.577231734991073608e-01
-2.142893671989440918e-01
2.442853927612304688e+00
-1.224246859550476074e+00
3.133801519870758057e-01
5.133826732635498047e-01
5.477397441864013672e-01
4.692366123199462891e-01
1.172721385955810547e+00
5.929198861122131348e-01
1.343372821807861328e+00
3.574385866522789001e-02
-3.650853037834167480e-01
9.014745801687240601e-02
-1.010473489761352539e+00
2.364818453788757324e-01
-8.009169101715087891e-01
-1.292898774147033691e+00
-1.135960936546325684e+00
-8.830514550209045410e-01
8.127514719963073730e-01
-9.862259626388549805e-01
5.187622308731079102e-01
-2.200122177600860596e-01
2.157670110464096069e-01
-3.270250558853149414e-01
-1.904784917831420898e+00
-1.899185895919799805e+00
6.146814227104187012e-01
-6.641798615455627441e-01
5.498097538948059082e-01
-1.907308548688888550e-01
7.105541229248046875e-01
1.827903866767883301e+00
1.062969446182250977e+00
-1.500965654850006104e-01
1.505139321088790894e-01
-8.117200136184692383e-01
1.302547335624694824e+00
2.360424846410751343e-01
6.557684540748596191e-01
-1.013231635093688965e+00
-4.111334383487701416e-01
3.428248316049575806e-02
-4.383580088615417480e-01
1.449289023876190186e-01
-9.583283662796020508e-01
-8.861837387084960938e-01
-4.950702786445617676e-01
1.368024706840515137e+00
-9.123974442481994629e-01
7.458680272102355957e-01
1.023073196411132812e+00
1.238143682479858398e+00
5.744822621345520020e-01
6.131708621978759766e-01
-7.716929316520690918e-01
-8.086525201797485352e-01
-5.193720459938049316e-01
1.179777979850769043e-01
8.523529767990112305e-01
3.810929954051971436e-01
-2.577383220195770264e-01
-1.350624084472656250e+00
-1.889037966728210449e+00
7.840288281440734863e-01
-1.114906549453735352e+00
5.115593671798706055e-01
1.682833552360534668e+00
1.543968766927719116e-01
-9.342295676469802856e-02
3.453330695629119873e-01
5.419028401374816895e-01
-1.151903510093688965e+00
-1.421028614044189453e+00
-1.562452912330627441e+00
7.624599933624267578e-01
-7.741421461105346680e-01
1.273879855871200562e-01
9.311747550964355469e-01
1.191838741302490234e+00
6.267263293266296387e-01
1.954505741596221924e-01
1.054123878479003906e+00
2.505680322647094727e-01
-1.069441437721252441e-02
1.270124673843383789e+00
-2.954778194427490234e+00
-2.135463476181030273e+00
-4.072750508785247803e-01
-6.029745340347290039e-01
3.360889256000518799e-01
6.515291985124349594e-03
-5.646706819534301758e-01
-1.459170699119567871e+00
4.309426620602607727e-02
2.474211305379867554e-01
2.796560764312744141e+00
7.665898203849792480e-01
7.612946033477783203e-01
-3.540511429309844971e-01
8.865324854850769043e-01
-1.081213355064392090e-01
-6.904752850532531738e-01
1.774649858474731445e+00
-1.738200932741165161e-01
-8.693256974220275879e-01
1.559579491615295410e+00
5.537196397781372070e-01
-6.198391914367675781e-01
4.975418150424957275e-01
5.469743013381958008e-01
1.217664033174514771e-02
1.727406382560729980e+00
-4.831969738006591797e-01
-8.615343570709228516e-01
1.844011545181274414e-01
6.555426120758056641e-01
1.327853083610534668e+00
-4.797250330448150635e-01
5.280253291130065918e-01
-5.750463008880615234e-01
-2.253426015377044678e-01
-3.607732057571411133e-01
2.063142955303192139e-01
9.468348622322082520e-01
-1.625743880867958069e-02
7.405203580856323242e-01
9.490752816200256348e-01
5.081306695938110352e-01
-7.339765876531600952e-02
1.294466257095336914e+00
-2.227083921432495117e+00
-1.842132806777954102e-01
-5.114654302597045898e-01
1.876560002565383911e-01
-4.669161736965179443e-01
-8.336105346679687500e-01
-1.320195317268371582e+00
-3.872134387493133545e-01
-3.138417005538940430e-01
6.146667003631591797e-01
6.331917047500610352e-01
-9.683623313903808594e-01
9.693297743797302246e-01
1.075897086411714554e-02
-9.414279460906982422e-01
-8.332736790180206299e-02
-1.795633435249328613e-01
1.581038832664489746e+00
-5.163814425468444824e-01
2.009252309799194336e+00
9.992921352386474609e-01
-8.498693108558654785e-01
6.265581250190734863e-01
-1.108413338661193848e+00
1.081962883472442627e-02
6.337761282920837402e-01
-3.621768653392791748e-01
-2.960406243801116943e-01
-3.134809434413909912e-01
6.500845402479171753e-02
1.714759916067123413e-01
2.076408080756664276e-02
-5.438027977943420410e-01
-1.559558749198913574e+00
-1.912011355161666870e-01
-1.646142721176147461e+00
7.013047337532043457e-01
-1.411154389381408691e+00
-4.620649814605712891e-01
1.822600662708282471e-01
7.999877333641052246e-01
1.251525133848190308e-01
-9.933189153671264648e-01
1.844250559806823730e-01
-8.352828025817871094e-01
5.416851639747619629e-01
1.387361064553260803e-02
-1.440282940864562988e+00
-1.439956068992614746e+00
-4.459816813468933105e-01
-6.341397166252136230e-01
-1.953391313552856445e+00
3.815807169303297997e-03
2.715986669063568115e-01
-3.057136833667755127e-01
-8.623623847961425781e-01
-1.447045922279357910e+00
-1.949372589588165283e-01
-1.110785722732543945e+00
7.718365192413330078e-01
1.345778822898864746e+00
5.302429199218750000e-01
7.058461904525756836e-01
2.711325585842132568e-01
-2.905218601226806641e-01
-9.321580827236175537e-02
1.671785593032836914e+00
-9.374603629112243652e-01
-1.057274937629699707e+00
-5.904051661491394043e-01
-1.444075554609298706e-01
4.251070618629455566e-01
-1.548840880393981934e+00
1.755302771925926208e-02
7.703639268875122070e-01
2.175251394510269165e-01
-1.451515555381774902e+00
-3.506588935852050781e-01
-1.270948350429534912e-02
1.414355039596557617e+00
2.790796458721160889e-01
9.816191196441650391e-01
7.045277394354343414e-03
4.818339347839355469e-01
-2.046080112457275391e+00
-8.593275398015975952e-02
1.512889146804809570e+00
1.211348891258239746e+00
1.825114965438842773e+00
5.321472138166427612e-02
-3.742961883544921875e-01
6.071357727050781250e-01
-3.512732088565826416e-01
7.385681271553039551e-01
-4.120649695396423340e-01
-1.109189867973327637e+00
1.308148652315139771e-01
2.307615756988525391e+00
6.981765031814575195e-01
3.645274341106414795e-01
6.558064818382263184e-01
-1.277817010879516602e+00
7.944700717926025391e-01
2.987875640392303467e-01
8.291906118392944336e-01
-4.751894772052764893e-01
-2.480112463235855103e-01
7.363342046737670898e-01
-1.500830769538879395e+00
-1.624763846397399902e+00
-2.029831171035766602e+00
3.413571119308471680e-01
-3.352291584014892578e-01
-1.870998978614807129e+00
2.226728677749633789e+00
-1.135216712951660156e+00
1.095873355865478516e+00
1.160820603370666504e+00
-8.671365380287170410e-01
1.141978740692138672e+00
-1.752922087907791138e-01
1.272266745567321777e+00
-6.993191242218017578e-01
-1.680934615433216095e-02
-2.092912912368774414e+00
-8.731471300125122070e-01
-2.795118689537048340e-01
7.475249767303466797e-01
7.266908288002014160e-01
-7.973712086677551270e-01
-6.642792373895645142e-02
7.520437836647033691e-01
4.815361201763153076e-01
-6.697801947593688965e-01
-3.159178197383880615e-01
7.766803503036499023e-01
-2.631216645240783691e-01
2.851323187351226807e-01
-3.912662506103515625e+00
-1.674287393689155579e-02
-1.179033398628234863e+00
1.102268934249877930e+00
-4.062314331531524658e-01
2.929165065288543701e-01
2.631880640983581543e-01
5.812420248985290527e-01
-1.301466345787048340e+00
3.937397003173828125e-01
-2.626165375113487244e-02
7.287999987602233887e-02
-1.406425833702087402e+00
-5.951414108276367188e-01
6.609864830970764160e-01
2.605649232864379883e-01
-4.902041852474212646e-01
2.101213783025741577e-01
8.136796355247497559e-01
1.345877170562744141e+00
7.776661515235900879e-01
4.422636628150939941e-01
9.496007561683654785e-01
5.655697584152221680e-01
-1.097007632255554199e+00
1.041321635246276855e+00
-6.554844230413436890e-02
-1.662726759910583496e+00
3.473607450723648071e-02
2.498089671134948730e-01
-8.946357965469360352e-01
3.414428830146789551e-01
-1.951433122158050537e-01
1.342969298362731934e+00
-5.874994993209838867e-01
-1.821285933256149292e-01
9.965632557868957520e-01
-7.283977866172790527e-01
-1.021826267242431641e+00
-1.280263900756835938e+00
-1.675838470458984375e+00
6.076820492744445801e-01
-6.183655261993408203e-01
6.819428801536560059e-01
1.980952382087707520e+00
2.235226333141326904e-02
-8.401220440864562988e-01
-2.629033327102661133e-01
6.887965798377990723e-01
2.434623688459396362e-01
-1.320671796798706055e+00
8.060141801834106445e-01
8.775236606597900391e-01
-2.781985402107238770e-01
-2.065042734146118164e+00
-5.013325810432434082e-01
1.286380410194396973e+00
-1.087684780359268188e-01
8.473378419876098633e-01
3.644539415836334229e-01
5.346403270959854126e-02
3.738524317741394043e-01
-1.677776128053665161e-01
2.864290475845336914e-01
-9.845451116561889648e-01
6.479864120483398438e-01
-4.501456618309020996e-01
-1.592057943344116211e+00
1.279589176177978516e+00
-5.797169208526611328e-01
1.679331958293914795e-01
1.011031627655029297e+00
-6.044515594840049744e-02
-6.576405763626098633e-01
-1.696274727582931519e-01
-1.030791401863098145e+00
1.012936711311340332e+00
-3.913570642471313477e-01
-6.370633244514465332e-01
5.372183918952941895e-01
2.012871205806732178e-01
-1.857431888580322266e+00
1.418565392494201660e+00
-5.768933296203613281e-01
4.036981612443923950e-03
-1.726440548896789551e+00
3.323331475257873535e-01
1.865206360816955566e+00
3.923130221664905548e-03
-6.049556136131286621e-01
-1.588607549667358398e+00
-1.184215307235717773e+00
-8.525759577751159668e-01
-1.110215544700622559e+00
-2.954684197902679443e-01
3.623555302619934082e-01
1.224592328071594238e+00
7.243497967720031738e-01
1.570837497711181641e+00
-1.137132048606872559e-01
-1.231144294142723083e-01
-2.806121408939361572e-01
-1.306009650230407715e+00
1.365601897239685059e+00
-5.491788964718580246e-03
-7.374743223190307617e-01
-6.002865433692932129e-01
-1.565939188003540039e+00
-3.577049076557159424e-01
7.975235581398010254e-01
-1.856190562248229980e+00
-7.322860956192016602e-01
-1.356745213270187378e-01
-1.020804405212402344e+00
-3.973546624183654785e-01
1.316434502601623535e+00
-3.702887296676635742e-01
-2.606134116649627686e-01
-1.971997261047363281e+00
-5.223726630210876465e-01
1.470235466957092285e+00
9.631821513175964355e-01
6.150761619210243225e-02
7.787883281707763672e-01
-6.831800937652587891e-01
-4.792771339416503906e-01
3.394900560379028320e-01
6.101993918418884277e-01
4.834338128566741943e-01
-7.446800470352172852e-01
7.512652873992919922e-01
9.848507642745971680e-01
-3.131531476974487305e-01
8.114228248596191406e-01
-1.206143736839294434e+00
-1.974161267280578613e+00
-6.203110516071319580e-02
1.706995129585266113e+00
1.575305014848709106e-01
2.310449838638305664e+00
9.447634816169738770e-01
-1.268913388252258301e+00
7.294994592666625977e-01
-6.056945919990539551e-01
2.008212089538574219e+00
-3.405747711658477783e-01
-3.693674504756927490e-01
1.285023212432861328e+00
-3.519639074802398682e-01
-2.728121519088745117e+00
1.067762732505798340e+00
1.376475095748901367e-01
9.446488022804260254e-01
-9.262877106666564941e-01
5.360167622566223145e-01
5.497814416885375977e-01
1.180055737495422363e+00
3.874334990978240967e-01
-2.850430011749267578e-01
6.750656664371490479e-02
1.797921769320964813e-02
-2.131668180227279663e-01
-5.348625183105468750e-01
-1.234587311744689941e+00
1.197250008583068848e+00
-6.193326711654663086e-01
3.369352519512176514e-01
2.689238488674163818e-01
-1.605021476745605469e+00
-5.910433083772659302e-02
1.224659323692321777e+00
7.255538105964660645e-01
-1.007974624633789062e+00
4.094249606132507324e-01
-5.690076947212219238e-01
-7.847909331321716309e-01
5.403321385383605957e-01
-1.001836657524108887e+00
1.033286571502685547e+00
-7.719437479972839355e-01
1.418593168258666992e+00
