1212 1937
1214 1708
1214 1994
1214 2004
1214 2006
1215 1542
1216 1413
1216 1421
1216 1519
1216 1675
1216 1848
1217 1772
1218 1460
1219 1236
1220 1387
1221 1900
1222 1540
1222 1803
1222 1807
1222 2044
1223 1711
1223 1712
1223 1713
1223 1964
1223 2099
1224 1626
1224 1706
1224 2009
1225 1411
1226 1322
1226 1568
1226 1821
1227 2792
1228 1456
1229 1707
1230 1514
1230 1811
1230 2097
1231 1416
1231 2157
1232 1456
1232 1457
1233 1520
1234 1416
1235 1456
1235 1550
1235 1588
1235 1749
1235 2025
1236 1242
1236 1396
1236 1500
1236 1687
1236 1860
1236 1891
1236 2024
1237 1653
1238 2031
1239 1788
1240 1413
1240 1675
1241 1514
1241 1989
1241 2795
1242 1860
1242 2118
1243 1461
1243 1505
1243 1648
1243 1706
1244 1941
1244 2128
1245 2076
1246 1866
1247 1330
1248 1538
1248 1911
1249 1416
1252 2049
1253 1253
1253 1636
1253 1890
1254 1524
1254 1721
1254 1787
1254 2043
1255 1255
1255 1528
1255 2139
1256 1818
1257 1852
1257 1880
1258 1706
1258 2006
1259 1820
1260 1693
1261 1750
1262 1509
1262 1646
1263 1612
1264 1284
1265 1878
1266 1540
1266 1861
1267 1724
1268 1381
1268 1517
1268 2120
1269 1745
1270 1820
1271 1865
1272 1383
1272 1649
1273 1339
1273 1454
1273 1668
1273 1714
1273 2053
1274 1892
1275 1622
1275 1924
1276 1918
1276 2098
1277 2043
1278 2020
1279 1976
1280 1574
1281 1678
1281 1850
1281 1998
1281 1999
1282 1740
1282 1766
1283 2042
1284 1416
1284 1642
1285 1423
1285 1503
1285 1704
1285 1980
1285 2050
1286 1532
1286 1902
1286 2657
1287 1451
1287 1573
1288 1780
1288 1787
1289 1636
1289 2034
1290 1349
1291 1344
1292 1854
1292 1953
1293 1930
1294 1506
1295 1852
1295 2018
1296 1892
1297 1725
1298 1465
1298 1770
1298 1918
1299 2121
1300 1901
1300 2080
1302 1532
1302 1902
1302 2657
1303 1519
1304 1473
1305 2081
1306 1418
1307 2036
1307 2037
1308 1918
1308 2049
1310 1483
1310 1610
1310 2116
1311 1990
1312 1493
1312 2593
1313 1395
1314 1406
1314 1583
1314 1584
1314 1657
1314 1731
1314 1735
1314 1736
1314 1737
1315 1625
1315 1810
1316 1406
1318 1637
1319 1522
1320 1646
1321 1562
1321 1646
1323 1522
1324 1683
1325 1683
1325 1839
1326 1543
1326 1662
1326 1667
1326 1796
1327 1977
1328 2083
1329 1438
1329 1516
1331 1517
1332 1338
1332 2005
1332 2050
1332 2112
1333 2080
1334 1699
1334 1804
1335 1517
1336 1586
1336 1831
1336 1863
1337 1870
1339 1560
1340 1852
1341 2008
1341 2056
1342 1438
1342 1516
1343 1412
1343 1881
1344 1382
1344 1889
1344 1926
1345 2068
1346 1484
1347 1500
1348 1353
1348 1965
1349 2031
1349 2124
1350 1985
1351 1893
1352 1449
1352 1539
1353 1965
1354 2856
1355 1368
1355 1414
1356 1638
1356 2061
1356 2083
1357 1976
1357 2774
1358 1386
1359 1406
1359 1583
1359 1657
1359 1731
1359 1735
1359 1736
1359 1737
1360 1905
1361 1446
1362 1661
1363 1759
1363 1946
1364 1406
1364 1731
1366 1727
1366 2043
1367 1406
1368 1414
1368 1415
1368 1476
1369 2083
1370 1406
1371 2140
1372 1904
1372 2088
1373 1373
1374 1410
1374 1460
1374 1726
1374 1979
1374 2035
1374 2149
1375 1637
1375 1638
1376 1802
1377 1446
1378 1380
1378 1680
1378 1744
1379 1462
1379 1504
1379 1605
1380 1406
1380 1591
1381 2079
1382 1889
1383 1649
1383 1650
1383 1956
1384 1386
1385 1385
1385 2174
1386 1566
1386 1757
1386 1758
1388 1437
1388 1982
1388 1983
1390 1672
1390 1688
1391 1582
1392 1608
1393 1896
1394 1537
1394 2136
1397 2093
1397 3008
1398 1970
1398 1971
1398 2019
1399 1970
1400 1970
1400 1971
1400 2019
1401 1401
1402 2022
1404 1776
1404 1924
1405 1445
1406 1584
1406 1658
1406 1715
1406 1731
1406 1732
1406 1733
1406 1736
1406 1737
1406 1822
1406 1923
1406 1941
1406 2070
1406 2135
1407 1681
1408 1715
1409 1512
1409 1681
1409 1710
1409 1745
1409 1957
1411 1615
1411 1679
1414 1415
1414 1476
1416 1431
1416 2157
1417 1500
1417 1725
1419 1921
1420 1770
1420 2260
1420 2699
1420 3107
1421 1765
1421 1933
1422 1542
1422 1655
1422 1916
1422 2006
1423 1542
1423 1845
1423 1980
1423 2050
1424 1628
1426 2119
1427 1545
1427 1725
1428 1429
1430 1862
1431 2193
1432 2151
1433 2151
1434 1436
1435 1436
1435 2008
1437 1982
1439 1440
1439 1444
1439 1478
1439 1891
1440 1444
1440 1478
1443 1534
1443 1535
1445 2024
1446 1447
1446 1448
1448 1602
1449 1978
1450 2119
1452 1618
1452 2002
1453 1470
1455 2072
1456 1588
1457 1550
1458 1850
1460 1464
1460 1761
1460 1781
1460 1979
1461 1648
1461 2004
1461 2005
1463 1590
1463 2052
1464 1761
1465 1878
1466 2045
1467 1467
1467 1468
1469 1678
1469 2278
1469 2494
1470 1704
1470 1705
1470 1944
1470 1954
1470 1955
1470 1980
1470 2002
1471 1783
1472 1473
1472 1585
1473 1569
1473 1570
1474 1921
1474 2065
1475 1679
1475 2036
1476 1791
1477 1909
1478 1528
1478 1690
1479 1480
1479 1661
1479 2012
1481 2139
1482 1482
1482 1674
1483 2116
1486 1759
1487 1794
1487 1930
1487 2003
1488 1645
1488 1872
1489 1863
1490 1709
1490 2052
1492 1492
1493 1738
1494 1577
1494 2125
1495 1733
1496 1746
1497 1497
1498 2139
1499 1500
1500 2024
1501 1502
1502 1877
1504 1932
1508 1687
1509 1639
1510 1700
1511 1707
1511 2134
1512 1710
1512 1824
1513 1710
1514 1727
1514 1979
1514 1989
1515 1748
1516 2470
1517 2079
1518 1519
1518 2282
1521 3255
1523 1779
1523 1826
1524 1581
1524 1934
1524 2041
1525 1661
1526 1761
1528 1690
1528 1723
1528 1814
1528 2738
1528 2765
1528 2970
1529 2169
1529 2654
1529 3021
1529 3305
1530 1578
1530 2008
1531 1801
1531 2658
1532 1532
1532 2658
1533 1687
1536 2119
1540 1541
1540 1799
1542 1980
1542 2050
1543 2293
1543 2460
1545 1725
1546 1547
1546 1763
1548 1966
1549 1549
1549 1624
1552 1864
1553 1554
1554 1831
1555 1555
1555 1556
1556 1647
1557 1558
1559 1686
1560 1668
1560 1818
1561 1759
1563 1564
1564 1565
1567 1935
1569 1601
1571 2004
1571 2006
1572 1916
1575 1877
1576 1782
1576 1935
1579 2105
1580 2043
1580 2873
1582 1853
1582 2078
1583 1657
1583 1731
1583 1736
1584 1657
1584 1731
1584 1985
1585 1629
1586 1587
1589 1590
1590 2052
1592 1593
1592 1594
1593 1594
1593 1692
1595 1596
1597 1598
1599 1600
1599 1613
1599 1685
1599 1950
1599 2074
1602 1829
1603 1878
1604 1606
1607 1896
1609 1842
1609 1972
1611 2155
1612 1706
1614 1615
1614 1773
1616 1616
1616 1875
1617 1705
1617 1820
1620 2138
1621 2137
1622 1622
1623 1623
1623 1817
1624 1903
1626 1772
1626 2009
1627 1729
1628 1752
1628 1753
1628 1949
1630 1747
1632 1801
1632 2168
1633 1801
1633 1851
1634 1634
1634 1828
1634 1893
1634 2139
1634 2165
1634 2244
1634 2257
1635 1753
1636 1682
1637 1638
1637 1977
1637 2026
1637 2083
1638 2013
1639 1673
1640 1810
1641 1754
1643 1972
1644 1719
1646 1883
1646 1885
1648 2050
1649 1650
1651 1823
1651 3262
1652 1868
1654 1787
1656 1833
1657 1731
1657 1732
1657 1735
1657 1736
1657 1737
1658 1731
1659 1659
1660 1661
1663 1873
1663 1920
1664 1921
1664 1991
1667 2328
1667 2460
1667 3028
1667 3153
1668 1860
1669 1820
1670 1671
1673 1958
1673 1959
1675 1933
1677 1724
1678 1999
1678 2073
1680 1731
1680 2135
1683 1684
1684 1878
1689 1830
1689 1908
1689 2176
1690 1695
1690 1814
1690 1891
1691 1815
1691 1992
1691 1993
1693 1844
1694 1810
1695 1828
1696 1697
1698 1929
1698 3123
1699 1804
1701 2057
1702 1703
1703 2049
1704 1705
1704 2080
1705 1916
1705 2080
1707 2210
1707 2275
1708 2753
1709 2072
1714 2686
1716 1716
1716 1717
1717 1717
1717 1729
1717 1887
1720 1747
1721 1919
1722 2068
1723 2105
1725 1967
1725 2024
1727 1797
1727 1811
1727 1816
1727 2097
1728 1729
1731 1731
1731 1732
1731 1735
1731 1736
1731 1737
1731 1985
1732 1985
1733 1744
1734 1985
1735 1736
1735 1737
1736 1737
1738 1842
1738 1843
1739 1918
1740 1740
1740 1741
1740 1766
1743 1874
1743 2394
1747 1984
1747 1986
1747 2136
1751 2106
1752 1949
1753 1949
1755 1835
1755 1836
1755 1837
1756 1784
1756 1785
1759 1946
1759 1947
1759 2014
1760 1854
1760 1953
1762 1911
1764 1811
1767 1768
1770 1771
1770 2123
1771 2123
1772 2009
1772 2092
1774 1781
1775 1776
1776 2034
1777 1793
1777 2048
1778 1778
1780 1787
1782 1935
1784 1786
1784 1927
1784 1928
1784 2022
1785 1927
1785 1928
1787 1789
1788 2066
1789 2363
1790 1847
1790 1915
1790 1927
1790 1928
1790 2022
1792 1794
1793 1794
1798 2108
1799 1807
1799 2044
1800 2153
1801 1851
1801 2024
1801 2168
1805 1806
1805 2145
1807 2847
1808 1808
1809 1974
1811 1900
1811 1918
1812 1813
1812 2152
1813 2263
1813 2955
1813 2957
1815 1992
1819 1994
1819 2048
1823 3262
1825 1948
1827 2072
1828 2139
1829 3037
1832 1833
1833 2154
1834 1837
1834 1838
1835 1836
1836 1838
1837 1838
1845 2000
1845 2049
1846 2048
1846 2049
1848 1849
1849 3124
1850 1937
1850 1951
1850 1998
1850 1999
1851 2168
1851 2995
1851 3009
1853 1918
1855 1920
1856 1868
1857 1858
1857 1859
1857 1966
1858 3013
1858 3274
1859 3274
1866 1867
1866 2167
1867 2696
1869 1873
1870 1944
1870 1945
1873 1919
1875 1988
1876 2081
1878 2072
1879 2012
1882 2101
1883 1885
1884 1885
1886 1944
1887 1888
1889 2916
1893 1894
1895 1991
1896 2051
1897 2969
1898 1899
1901 1922
1903 1965
1903 2032
1903 2033
1906 2048
1906 2826
1906 3123
1908 2176
1910 1911
1911 1924
1913 2143
1914 1914
1917 1918
1918 1940
1918 2023
1918 2094
1918 2095
1918 2114
1918 2148
1918 2151
1918 2159
1918 2175
1919 1920
1921 1991
1921 2064
1921 2149
1921 2161
1925 2075
1926 2080
1927 1928
1927 2022
1928 2022
1929 2078
1931 2420
1935 1936
1944 1945
1948 1949
1952 1952
1954 2002
1954 2080
1955 2002
1958 1959
1964 1972
1964 2049
1964 2121
1966 2112
1967 1967
1968 1972
1968 2160
1970 1971
1972 2160
1973 1975
1974 1977
1976 1999
1977 2026
1978 1979
1979 2149
1980 2032
1980 2033
1980 2050
1980 2112
1981 2034
1987 1988
1989 2149
1995 1997
1996 1997
2001 2049
2002 2003
2005 2006
2005 2110
2006 2050
2006 2109
2006 2110
2006 2112
2010 2010
2010 2011
2010 2012
2011 2012
2014 2015
2016 2017
2021 2079
2022 2022
2024 2118
2025 2052
2028 2040
2029 2040
2030 2090
2032 2033
2032 2049
2032 2050
2033 2049
2033 2050
2037 3228
2038 2039
2044 2274
2044 2664
2046 2047
2048 2049
2049 2049
2049 2050
2049 2075
2049 2175
2050 2112
2052 2072
2054 2055
2054 2072
2054 2145
2055 2056
2062 2126
2064 2065
2064 2091
2067 2067
2068 2069
2071 2098
2077 2175
2081 2161
2082 2082
2082 2083
2084 2104
2085 2087
2086 2087
2087 2089
2100 2102
2101 2102
2105 3044
2107 2108
2109 2110
2110 2112
2111 2112
2122 2175
2126 2127
2129 2130
2129 2131
2135 2141
2137 2147
2142 2143
2142 2144
2146 2162
2148 2150
2159 2175
2163 2164
2166 2169
2166 2654
2166 3021
2166 3305
2168 2168
2171 2172
2173 2174
2177 2903
2178 2590
2178 2736
2179 2200
2180 2935
2181 2865
2182 2512
2183 2677
2183 3156
2184 2306
2184 2356
2185 2539
2186 3139
2187 2666
2188 3300
2189 2303
2189 2634
2190 3145
2191 2499
2191 2546
2192 2488
2193 2236
2194 2656
2195 2195
2195 2209
2196 3279
2197 2504
2198 2198
2198 2281
2199 2593
2199 3025
2201 2201
2202 2460
2202 3162
2203 2911
2204 2265
2204 2762
2205 2899
2205 2900
2206 2675
2206 3099
2207 2632
2207 2855
2208 3212
2210 2275
2210 3085
2211 2326
2212 2423
2212 2474
2212 2695
2212 3132
2213 2244
2213 2740
2213 3258
2214 2845
2214 3235
2215 2508
2216 3044
2217 3037
2218 3194
2219 2391
2219 3151
2220 2220
2221 2513
2221 2665
2221 3115
2222 2567
2223 2264
2223 2491
2223 3171
2224 2558
2224 2779
2224 2780
2224 3022
2225 2398
2226 2341
2226 2811
2227 2844
2228 3299
2229 2597
2230 2345
2230 3269
2231 2231
2232 2540
2232 3033
2232 3203
2233 2698
2233 3158
2234 3051
2234 3052
2235 2235
2235 2992
2237 3273
2238 3016
2239 3114
2240 3190
2241 2691
2242 2665
2243 2324
2243 3074
2245 2310
2245 2390
2245 2483
2246 2246
2246 3034
2246 3035
2247 3188
2247 3189
2248 2746
2249 2249
2249 2797
2250 2904
2251 2955
2251 3173
2252 3310
2253 2299
2253 2891
2254 2519
2255 2554
2256 2256
2256 2871
2257 3021
2257 3207
2258 2476
2258 2737
2259 2299
2259 2427
2259 2442
2259 2744
2260 3124
2261 2306
2261 2356
2262 2412
2263 2951
2263 2959
2266 2894
2267 2776
2268 2821
2269 2375
2269 3071
2270 3051
2271 2603
2271 2652
2272 2777
2272 3007
2273 2273
2274 3127
2275 3085
2276 2843
2277 3029
2278 3040
2279 2750
2280 2536
2282 2646
2283 3144
2284 2302
2285 2285
2285 2615
2285 2616
2286 2832
2287 3215
2288 2311
2289 2794
2290 3048
2291 2830
2292 2969
2293 2774
2294 3193
2295 2832
2295 3161
2296 2763
2297 3254
2298 3023
2300 2892
2301 2917
2302 2506
2304 3030
2305 2905
2306 2306
2306 2356
2307 2831
2308 2934
2308 3270
2309 2538
2310 3125
2312 3148
2312 3149
2313 3157
2314 3282
2315 2768
2316 2406
2317 2457
2318 3291
2319 2561
2319 2877
2319 2878
2320 2401
2320 2638
2321 2630
2322 2605
2322 3203
2323 2832
2324 2324
2324 3074
2324 3175
2325 2594
2325 2595
2327 3221
2328 3153
2329 2329
2330 3280
2331 2996
2332 2955
2333 2500
2334 3167
2334 3290
2335 3200
2335 3247
2336 3119
2337 2731
2337 3124
2338 3059
2339 2596
2340 2400
2340 3164
2342 2528
2343 3176
2344 2456
2344 2624
2346 3227
2347 2860
2348 2548
2349 2733
2349 3195
2350 2793
2350 2907
2351 3013
2351 3274
2352 2479
2353 2565
2354 2357
2354 2808
2355 2945
2358 2836
2359 2564
2360 2839
2361 2556
2361 3255
2362 2898
2363 2927
2364 2418
2365 3285
2366 3189
2367 2517
2368 2368
2369 3070
2370 2835
2371 2422
2371 3140
2372 2372
2373 2693
2374 2420
2375 3213
2375 3214
2375 3216
2376 2965
2377 2502
2378 2682
2378 2683
2378 2684
2379 3286
2380 2628
2381 3186
2382 2678
2383 2816
2384 2872
2385 2686
2386 2786
2387 2753
2388 2388
2389 2941
2390 3125
2391 2489
2392 2781
2393 3209
2394 2397
2395 3181
2396 2678
2399 2976
2399 3303
2402 2553
2402 2784
2402 2785
2402 3031
2403 3172
2404 2960
2405 2553
2405 2785
2406 2406
2407 2579
2408 2738
2409 2688
2410 3275
2411 2741
2413 3133
2414 3257
2415 3041
2416 2629
2417 2971
2418 2753
2418 3012
2419 2930
2419 3043
2420 2437
2421 2883
2424 2887
2425 2440
2426 2756
2428 3106
2428 3178
2429 3155
2430 2430
2431 2523
2432 2784
2432 3031
2433 3218
2434 2767
2435 3240
2436 2436
2437 3165
2437 3286
2438 2465
2438 2711
2438 2813
2438 3244
2439 2671
2441 2699
2441 3107
2443 3240
2444 3167
2444 3168
2444 3290
2445 2706
2446 2525
2447 2657
2447 2658
2448 2563
2449 3075
2450 3276
2451 2910
2452 2981
2453 2912
2454 2983
2454 2984
2454 2985
2455 2850
2455 2851
2456 2552
2456 2624
2456 3228
2458 2829
2459 3154
2460 3028
2460 3153
2460 3162
2461 2790
2462 2908
2463 2669
2464 2858
2465 2711
2465 2813
2466 2868
2467 2470
2468 3202
2468 3204
2469 2540
2471 2930
2472 2817
2473 2534
2475 2715
2476 2590
2476 2736
2477 3032
2477 3259
2478 2552
2480 3236
2481 2631
2482 2943
2483 3125
2484 2906
2485 3125
2486 2583
2487 3185
2490 2578
2492 2931
2493 2854
2494 3040
2495 3294
2496 2496
2497 2931
2498 2695
2500 2500
2501 2861
2501 3036
2501 3180
2503 2955
2505 2694
2507 3074
2509 2638
2509 2649
2509 3301
2510 3051
2510 3052
2511 3206
2514 2599
2515 3133
2516 3108
2517 3108
2518 2846
2520 3024
2521 2557
2522 3223
2524 2804
2525 2810
2526 2732
2527 3002
2529 2530
2531 2533
2531 2711
2531 3020
2532 2711
2532 3020
2533 3020
2534 2535
2534 2609
2534 3125
2537 2537
2539 2812
2539 3042
2540 3033
2540 3202
2541 2542
2541 2902
2541 2944
2543 2996
2544 2996
2545 3274
2547 2893
2548 2598
2549 2981
2549 3138
2550 3004
2550 3005
2551 2551
2553 2784
2553 2785
2555 3110
2556 3255
2557 2726
2558 2780
2558 3022
2559 3120
2560 2581
2561 2877
2561 2878
2562 2563
2566 2567
2568 2757
2569 2729
2570 2571
2572 3192
2573 2965
2574 2651
2574 3217
2575 3163
2576 2916
2577 2633
2578 2696
2579 2580
2580 2770
2582 2662
2584 2585
2584 2586
2584 2672
2585 2586
2586 2586
2587 2587
2588 2745
2589 2589
2591 2697
2591 2698
2592 3296
2593 3166
2593 3187
2594 2595
2599 2979
2599 3093
2600 3109
2601 2642
2602 2603
2602 2704
2603 2809
2604 2766
2605 2613
2606 2607
2607 2608
2610 2759
2610 2823
2611 2612
2614 2616
2614 2617
2614 2619
2615 2615
2615 2616
2616 2617
2616 2618
2617 2618
2618 2619
2620 2621
2622 2859
2623 2792
2624 3228
2624 3293
2625 2626
2627 3018
2629 2721
2629 3262
2635 2636
2637 3064
2638 2919
2639 2640
2641 3043
2641 3117
2643 2645
2644 2645
2646 3124
2647 2702
2647 3085
2648 2648
2650 2660
2651 2994
2653 2713
2653 3256
2654 3305
2655 2690
2657 2658
2658 2658
2659 2937
2661 2661
2663 2664
2665 2745
2665 3080
2667 2711
2667 3244
2668 2669
2668 2670
2669 3191
2673 3141
2674 2674
2675 3099
2676 2778
2679 2679
2680 2680
2681 2709
2682 2682
2682 2683
2682 2684
2683 2684
2685 3297
2687 2688
2687 2689
2688 2689
2692 2923
2696 3144
2699 3107
2700 3231
2701 3278
2703 3286
2705 2864
2707 2739
2707 2982
2708 2825
2710 2761
2711 2813
2711 3244
2712 3089
2714 2939
2716 2717
2718 2719
2720 3015
2721 3286
2722 2723
2724 2744
2724 2778
2725 2725
2727 2913
2728 3174
2730 2987
2733 2746
2733 3195
2734 2809
2735 3047
2742 2880
2743 3298
2744 2833
2744 3078
2745 3115
2746 3195
2747 2748
2749 3264
2751 2856
2752 2889
2754 2755
2756 3119
2758 3063
2760 2955
2764 3224
2765 2995
2767 3272
2769 3142
2771 3277
2772 3239
2773 2783
2775 2776
2777 3088
2780 2870
2780 3022
2782 2782
2784 3031
2784 3094
2787 2788
2789 2946
2790 2857
2791 3208
2794 2795
2796 2999
2798 3243
2799 3128
2800 2801
2802 3092
2803 2803
2805 2805
2805 2807
2805 3112
2805 3113
2806 2807
2809 3129
2814 2815
2818 2819
2820 2889
2822 2822
2822 2928
2824 2977
2826 3123
2827 2873
2828 3219
2829 2933
2832 3160
2832 3161
2832 3200
2834 2963
2837 2838
2837 2882
2839 2840
2840 3107
2841 2842
2845 3235
2847 2848
2847 2849
2852 2853
2862 2932
2863 2864
2863 3131
2864 3185
2864 3286
2866 3181
2867 2929
2867 3019
2869 2936
2869 3170
2874 2972
2874 3105
2875 2914
2876 2947
2878 3046
2878 3201
2878 3278
2879 3297
2881 3135
2883 3240
2884 2884
2885 2885
2886 2887
2886 2888
2890 2918
2894 3048
2895 2897
2896 2897
2901 3279
2909 3043
2915 2942
2920 2920
2921 2922
2923 2924
2925 2925
2926 3249
2930 2980
2934 3270
2934 3271
2937 2938
2940 3076
2948 2955
2949 2949
2950 2953
2950 2956
2952 2955
2953 2956
2954 2955
2955 2958
2955 3173
2957 2959
2961 3186
2962 2962
2964 3143
2966 2967
2968 3225
2970 3210
2972 3220
2973 2973
2974 3077
2975 3118
2976 3303
2978 2978
2980 3043
2983 2984
2983 2986
2984 2985
2985 2986
2988 2989
2990 2990
2991 2991
2993 3311
2996 2997
2996 3233
2998 3109
3000 3265
3001 3307
3003 3003
3005 3006
3008 3009
3010 3011
3013 3274
3014 3015
3014 3169
3015 3169
3016 3017
3026 3027
3028 3162
3029 3029
3030 3030
3033 3057
3033 3202
3034 3035
3038 3045
3039 3073
3043 3111
3043 3117
3046 3201
3049 3050
3051 3052
3051 3054
3052 3053
3055 3056
3058 3231
3060 3061
3061 3062
3065 3066
3065 3067
3066 3067
3068 3069
3071 3072
3074 3175
3079 3080
3081 3082
3081 3084
3082 3084
3083 3084
3086 3086
3087 3109
3090 3196
3091 3091
3095 3096
3095 3097
3095 3182
3096 3097
3096 3182
3098 3099
3100 3101
3101 3102
3103 3104
3103 3274
3105 3220
3116 3190
3121 3122
3126 3126
3130 3131
3133 3134
3136 3137
3146 3147
3146 3148
3146 3149
3146 3150
3146 3151
3146 3295
3147 3149
3147 3150
3149 3150
3152 3152
3156 3159
3167 3168
3167 3290
3168 3290
3172 3304
3177 3178
3179 3179
3183 3184
3188 3189
3197 3197
3198 3199
3199 3199
3202 3203
3205 3234
3207 3207
3211 3213
3212 3213
3212 3216
3222 3240
3222 3281
3226 3227
3228 3228
3229 3230
3232 3233
3237 3238
3241 3242
3245 3246
3248 3289
3250 3251
3252 3253
3260 3261
3260 3263
3261 3263
3266 3267
3266 3268
3283 3284
3287 3288
3292 3292
3302 3306
3308 3309
